>1
0.00000000
0.58578644
2.00000000
3.41421356
>2
0.00000000
1.00000000
1.43844719
5.56155281
>3
0.00000000
1.00000000
3.00000000
4.00000000
>4
0.00000000
0.65707692
2.52931658
4.81360650
>5
0.00000000
2.00000000
2.00000000
4.00000000
>6
0.00000000
1.09678807
3.19393657
5.70927536
>7
0.00000000
2.00000000
4.00000000
4.00000000
>8
0.00000000
0.67911550
2.64806080
6.67282370
>9
0.00000000
2.00000000
2.58578644
5.41421356
>10
0.00000000
1.10489348
4.60270493
6.29240159
>11
0.00000000
2.00000000
4.00000000
6.00000000
>12
0.00000000
1.00000000
4.00000000
7.00000000
>13
0.00000000
2.26794919
4.00000000
5.73205081
>14
0.00000000
2.00000000
2.76393202
7.23606798
>15
0.00000000
2.43844719
3.00000000
6.56155281
>16
0.00000000
1.43844719
3.00000000
5.56155281
>17
0.00000000
0.76393202
4.00000000
5.23606798
>18
0.00000000
0.89722495
2.85363451
6.24914054
>19
0.00000000
1.43844719
5.00000000
5.56155281
>20
0.00000000
0.79852766
4.45490409
6.74656825
>21
0.00000000
1.43844719
5.56155281
7.00000000
>22
0.00000000
2.58578644
5.41421356
6.00000000
>23
0.00000000
2.43844719
5.00000000
6.56155281
>24
0.00000000
2.00000000
4.58578644
7.41421356
>25
0.00000000
2.76393202
4.00000000
7.23606798
>26
0.00000000
4.00000000
4.00000000
6.00000000
>27
0.00000000
0.83772234
2.00000000
7.16227766
>28
0.00000000
0.83772234
6.00000000
7.16227766
>29
0.00000000
1.17157288
4.00000000
6.82842712
