>4_1
0.0000
0.5858
2.0000
3.4142
>4_2
0.0000
0.6571
2.5293
4.8136
>4_3
0.0000
0.6791
2.6481
6.6728
>4_4
0.0000
0.7639
4.0000
5.2361
>4_5
0.0000
0.7985
4.4549
6.7466
>4_6
0.0000
0.8377
2.0000
7.1623
>4_7
0.0000
0.8377
6.0000
7.1623
>4_8
0.0000
0.8972
2.8536
6.2491
>4_9
0.0000
1.0000
1.4384
5.5616
>4_10
0.0000
1.0000
3.0000
4.0000
>4_11
0.0000
1.0000
4.0000
7.0000
>4_12
0.0000
1.0968
3.1939
5.7093
>4_13
0.0000
1.1049
4.6027
6.2924
>4_14
0.0000
1.1716
4.0000
6.8284
>4_15
0.0000
1.4384
3.0000
5.5616
>4_16
0.0000
1.4384
3.0000
5.5616
>4_17
0.0000
1.4384
5.0000
5.5616
>4_18
0.0000
1.4384
5.5616
7.0000
>4_19
0.0000
2.0000
2.0000
4.0000
>4_20
0.0000
2.0000
2.5858
5.4142
>4_21
0.0000
2.0000
2.7639
7.2361
>4_22
0.0000
2.0000
4.0000
4.0000
>4_23
0.0000
2.0000
4.0000
6.0000
>4_24
0.0000
2.0000
4.5858
7.4142
>4_25
0.0000
2.2679
4.0000
5.7321
>4_26
0.0000
2.4384
3.0000
6.5616
>4_27
0.0000
2.4384
5.0000
6.5616
>4_28
0.0000
2.5858
5.4142
6.0000
>4_29
0.0000
2.7639
4.0000
7.2361
>4_30
0.0000
4.0000
4.0000
6.0000
