>5_1
0.0000
0.3820
1.3820
2.6180
3.6180
>5_2
0.0000
1.3820
1.3820
3.6180
3.6180
>5_3
0.0000
0.5188
2.3111
3.0000
4.1701
>5_4
0.0000
0.8299
2.0000
2.6889
4.4812
>5_5
0.0000
1.3820
2.3820
3.6180
4.6180
>5_6
0.0000
0.4071
1.6145
3.1524
4.8260
>5_7
0.0000
1.0000
1.0000
3.0000
5.0000
>5_8
0.0000
2.0000
2.0000
3.0000
5.0000
>5_9
0.0000
1.0000
3.0000
3.0000
5.0000
>5_10
0.0000
0.5858
3.0000
3.4142
5.0000
>5_11
0.0000
1.0000
2.0000
4.0000
5.0000
>5_12
0.0000
1.5858
3.0000
4.4142
5.0000
>5_13
0.0000
0.4384
2.0000
4.5616
5.0000
>5_14
0.0000
2.0000
2.0000
5.0000
5.0000
>5_15
0.0000
1.0000
3.0000
5.0000
5.0000
>5_16
0.0000
2.0000
4.0000
5.0000
5.0000
>5_17
0.0000
3.0000
5.0000
5.0000
5.0000
>5_18
0.0000
1.3820
1.6972
3.6180
5.3028
>5_19
0.0000
0.5372
1.3034
2.5427
5.6167
>5_20
0.0000
0.7961
1.7495
3.8293
5.6251
>5_21
0.0000
1.0968
2.0000
3.1939
5.7093
>5_22
0.0000
1.0968
3.1939
4.0000
5.7093
>5_23
0.0000
1.0000
2.2679
5.0000
5.7321
>5_24
0.0000
0.5467
2.4355
3.2620
5.7557
>5_25
0.0000
1.4834
2.4476
4.2873
5.7817
>5_26
0.0000
1.6571
3.5293
5.0000
5.8136
>5_27
0.0000
0.6099
1.3281
4.2427
5.8192
>5_28
0.0000
0.8399
1.8699
5.4658
5.8243
>5_29
0.0000
0.7076
2.3973
3.0000
5.8951
>5_30
0.0000
0.6253
3.1071
4.3453
5.9223
>5_31
0.0000
0.8299
2.6889
4.4812
6.0000
>5_32
0.0000
1.0000
2.0000
5.0000
6.0000
>5_33
0.0000
2.0000
3.0000
5.0000
6.0000
>5_34
0.0000
1.0000
4.0000
5.0000
6.0000
>5_35
0.0000
2.0000
5.0000
5.0000
6.0000
>5_36
0.0000
1.0968
3.1939
5.7093
6.0000
>5_37
0.0000
0.9133
2.2959
2.7744
6.0165
>5_38
0.0000
1.6837
2.4206
3.8654
6.0303
>5_39
0.0000
1.1357
2.2211
4.5672
6.0759
>5_40
0.0000
1.8510
2.4566
5.5434
6.1490
>5_41
0.0000
1.1442
3.6784
5.0000
6.1774
>5_42
0.0000
0.8074
1.3820
3.6180
6.1926
>5_43
0.0000
2.0000
2.3249
3.4608
6.2143
>5_44
0.0000
2.3249
3.4608
6.0000
6.2143
>5_45
0.0000
0.9290
2.7315
4.1154
6.2241
>5_46
0.0000
1.7639
3.0000
5.0000
6.2361
>5_47
0.0000
1.7639
5.0000
5.0000
6.2361
>5_48
0.0000
0.4921
2.0000
3.2444
6.2635
>5_49
0.0000
1.3820
2.6972
3.6180
6.3028
>5_50
0.0000
0.5483
2.4805
4.6600
6.3112
>5_51
0.0000
0.6277
4.0000
5.0000
6.3723
>5_52
0.0000
2.0798
3.2490
4.2914
6.3799
>5_53
0.0000
0.9430
3.1727
5.4804
6.4039
>5_54
0.0000
3.0000
3.5858
5.0000
6.4142
>5_55
0.0000
1.5505
2.0000
4.0000
6.4495
>5_56
0.0000
0.7639
1.5505
5.2361
6.4495
>5_57
0.0000
1.5505
2.5858
5.4142
6.4495
>5_58
0.0000
1.5505
4.0000
6.0000
6.4495
>5_59
0.0000
2.0000
2.4384
5.0000
6.5616
>5_60
0.0000
1.3820
3.6180
4.3820
6.6180
>5_61
0.0000
0.8587
1.0000
3.5151
6.6262
>5_62
0.0000
0.8587
3.0000
3.5151
6.6262
>5_63
0.0000
0.8587
3.5151
5.0000
6.6262
>5_64
0.0000
0.4149
1.6729
3.2380
6.6742
>5_65
0.0000
0.4482
2.0993
4.7743
6.6782
>5_66
0.0000
0.6077
3.0000
3.6746
6.7177
>5_67
0.0000
2.2087
2.3820
4.6180
6.7913
>5_68
0.0000
2.2087
3.3820
5.6180
6.7913
>5_69
0.0000
0.4586
2.2087
6.5414
6.7913
>5_70
0.0000
1.1716
3.0000
5.0000
6.8284
>5_71
0.0000
1.1716
5.0000
5.0000
6.8284
>5_72
0.0000
0.5663
2.5741
6.0000
6.8595
>5_73
0.0000
0.6336
1.3350
5.1676
6.8638
>5_74
0.0000
2.3446
3.7892
5.0000
6.8662
>5_75
0.0000
0.6513
3.1414
5.3294
6.8778
>5_76
0.0000
0.9569
2.4616
3.7032
6.8783
>5_77
0.0000
1.7076
3.3973
4.0000
6.8951
>5_78
0.0000
0.6540
2.0000
4.4067
6.9392
>5_79
0.0000
0.6540
4.4067
6.0000
6.9392
>5_80
0.0000
1.8593
3.6006
5.5805
6.9597
>5_81
0.0000
0.5188
2.3111
4.1701
7.0000
>5_82
0.0000
1.0000
1.0000
5.0000
7.0000
>5_83
0.0000
2.0000
2.0000
5.0000
7.0000
>5_84
0.0000
1.0000
3.0000
5.0000
7.0000
>5_85
0.0000
0.5858
3.4142
5.0000
7.0000
>5_86
0.0000
1.0000
5.0000
5.0000
7.0000
>5_87
0.0000
0.7076
2.3973
5.8951
7.0000
>5_88
0.0000
0.8587
3.5151
6.6262
7.0000
>5_89
0.0000
0.6077
3.6746
6.7177
7.0000
>5_90
0.0000
0.4881
1.5250
2.8063
7.1806
>5_91
0.0000
1.3820
1.8074
3.6180
7.1926
>5_92
0.0000
0.5405
1.6907
4.5433
7.2255
>5_93
0.0000
1.4469
2.1075
5.2184
7.2273
>5_94
0.0000
2.0000
2.7639
4.0000
7.2361
>5_95
0.0000
2.7639
4.0000
4.0000
7.2361
>5_96
0.0000
0.7639
2.7639
5.2361
7.2361
>5_97
0.0000
2.0000
2.7639
6.0000
7.2361
>5_98
0.0000
1.5505
2.7639
6.4495
7.2361
>5_99
0.0000
0.8508
2.1967
3.6774
7.2751
>5_100
0.0000
1.3820
3.6180
3.6972
7.3028
>5_101
0.0000
1.1466
2.2722
5.1998
7.3814
>5_102
0.0000
1.4864
3.6761
5.4502
7.3873
>5_103
0.0000
0.9582
3.1521
4.4510
7.4387
>5_104
0.0000
0.5570
1.7315
6.2685
7.4430
>5_105
0.0000
0.9197
2.3681
5.1842
7.5280
>5_106
0.0000
1.4586
2.2087
6.7913
7.5414
>5_107
0.0000
2.0000
3.4384
5.0000
7.5616
>5_108
0.0000
1.3820
3.6180
5.3820
7.6180
