>1
0.00000000
0.38196601
1.38196601
2.61803399
3.61803399
>2
0.00000000
0.53721582
1.30339702
2.54269066
5.61669650
>3
0.00000000
0.51880570
2.31110782
3.00000000
4.17008649
>4
0.00000000
0.82991351
2.00000000
2.68889218
4.48119430
>5
0.00000000
0.40713763
1.61446269
3.15244467
4.82595501
>6
0.00000000
1.38196601
1.38196601
3.61803399
3.61803399
>7
0.00000000
0.54671323
2.43551493
3.26203645
5.75573539
>8
0.00000000
0.91330437
2.29586866
2.77437327
6.01645371
>9
0.00000000
1.38196601
2.38196601
3.61803399
4.61803399
>10
0.00000000
0.41489454
1.67293379
3.23800820
6.67416346
>11
0.00000000
1.38196601
1.69722436
3.61803399
5.30277564
>12
0.00000000
0.76393202
1.55051026
5.23606798
6.44948974
>13
0.00000000
0.82991351
2.68889218
4.48119430
6.00000000
>14
0.00000000
0.92902744
2.73145898
4.11541591
6.22409766
>15
0.00000000
0.54829928
2.48054966
4.65999590
6.31115516
>16
0.00000000
1.38196601
2.69722436
3.61803399
6.30277564
>17
0.00000000
0.95694157
2.46155543
3.70315822
6.87834478
>18
0.00000000
1.58578644
3.00000000
4.41421356
5.00000000
>19
0.00000000
0.51880570
2.31110782
4.17008649
7.00000000
>20
0.00000000
1.48342018
2.44759054
4.28733582
5.78165345
>21
0.00000000
1.68373454
2.42057549
3.86536812
6.03032185
>22
0.00000000
0.85078711
2.19667868
3.67741173
7.27512247
>23
0.00000000
1.38196601
1.80741760
3.61803399
7.19258240
>24
0.00000000
1.55051026
2.00000000
4.00000000
6.44948974
>25
0.00000000
0.60994013
1.32810278
4.24274451
5.81921258
>26
0.00000000
1.09678807
2.00000000
3.19393657
5.70927536
>27
0.00000000
0.85866388
1.00000000
3.51513805
6.62619807
>28
0.00000000
0.63355387
1.33499726
5.16763515
6.86381372
>29
0.00000000
1.13567746
2.22113566
4.56724615
6.07594073
>30
0.00000000
2.00000000
2.32486913
3.46081113
6.21431974
>31
0.00000000
1.14664568
2.27222024
5.19975277
7.38138130
>32
0.00000000
0.91972025
2.36812756
5.18418021
7.52797197
>33
0.00000000
1.17157288
3.00000000
5.00000000
6.82842712
>34
0.00000000
2.20871215
2.38196601
4.61803399
6.79128785
>35
0.00000000
0.95817605
3.15208460
4.45099712
7.43874223
>36
0.00000000
2.00000000
2.76393202
4.00000000
7.23606798
>37
0.00000000
1.00000000
1.00000000
3.00000000
5.00000000
>38
0.00000000
1.00000000
2.00000000
4.00000000
5.00000000
>39
0.00000000
1.00000000
3.00000000
3.00000000
5.00000000
>40
0.00000000
0.79608028
1.74949179
3.82931896
5.62510897
>41
0.00000000
0.58578644
3.00000000
3.41421356
5.00000000
>42
0.00000000
1.00000000
2.26794919
5.00000000
5.73205081
>43
0.00000000
1.00000000
3.00000000
5.00000000
5.00000000
>44
0.00000000
0.60765565
3.00000000
3.67460323
6.71774112
>45
0.00000000
1.76393202
3.00000000
5.00000000
6.23606798
>46
0.00000000
1.00000000
4.00000000
5.00000000
6.00000000
>47
0.00000000
1.65707692
3.52931658
5.00000000
5.81360650
>48
0.00000000
2.00000000
4.00000000
5.00000000
5.00000000
>49
0.00000000
1.00000000
3.00000000
5.00000000
7.00000000
>50
0.00000000
1.70759841
3.39729507
4.00000000
6.89510652
>51
0.00000000
2.07977913
3.24897586
4.29136689
6.37987812
>52
0.00000000
0.85866388
3.51513805
5.00000000
6.62619807
>53
0.00000000
1.38196601
3.61803399
3.69722436
7.30277564
>54
0.00000000
0.43844719
2.00000000
4.56155281
5.00000000
>55
0.00000000
0.49209723
2.00000000
3.24435992
6.26354285
>56
0.00000000
0.83993327
1.86992711
5.46582367
5.82431596
>57
0.00000000
0.62532442
3.10711709
4.34529524
5.92226325
>58
0.00000000
1.09678807
3.19393657
4.00000000
5.70927536
>59
0.00000000
0.44820478
2.09930280
4.77434050
6.67815192
>60
0.00000000
1.09678807
3.19393657
5.70927536
6.00000000
>61
0.00000000
0.94297173
3.17273546
5.48043968
6.40385313
>62
0.00000000
0.62771868
4.00000000
5.00000000
6.37228132
>63
0.00000000
1.38196601
3.61803399
4.38196601
6.61803399
>64
0.00000000
1.14422749
3.67836283
5.00000000
6.17740968
>65
0.00000000
0.58578644
3.41421356
5.00000000
7.00000000
>66
0.00000000
1.85103886
2.45663808
5.54336192
6.14896114
>67
0.00000000
1.55051026
2.58578644
5.41421356
6.44948974
>68
0.00000000
1.44685659
2.10745947
5.21842765
7.22725628
>69
0.00000000
2.00000000
2.00000000
5.00000000
7.00000000
>70
0.00000000
2.00000000
2.00000000
3.00000000
5.00000000
>71
0.00000000
2.00000000
3.00000000
5.00000000
6.00000000
>72
0.00000000
0.80741760
1.38196601
3.61803399
6.19258240
>73
0.00000000
0.65133606
3.14140386
5.32943891
6.87782117
>74
0.00000000
1.85926793
3.60055256
5.58049097
6.95968854
>75
0.00000000
2.20871215
3.38196601
5.61803399
6.79128785
>76
0.00000000
1.48641486
3.67605296
5.45023905
7.38729313
>77
0.00000000
2.34455762
3.78924412
5.00000000
6.86619826
>78
0.00000000
1.38196601
3.61803399
5.38196601
7.61803399
>79
0.00000000
2.00000000
2.00000000
5.00000000
5.00000000
>80
0.00000000
3.00000000
3.58578644
5.00000000
6.41421356
>81
0.00000000
2.00000000
5.00000000
5.00000000
6.00000000
>82
0.00000000
3.00000000
5.00000000
5.00000000
5.00000000
>83
0.00000000
2.76393202
4.00000000
4.00000000
7.23606798
>84
0.00000000
0.48812712
1.52497083
2.80631938
7.18058267
>85
0.00000000
0.45861873
2.20871215
6.54138127
6.79128785
>86
0.00000000
0.65403670
4.40672843
6.00000000
6.93923487
>87
0.00000000
0.60765565
3.67460323
6.71774112
7.00000000
>88
0.00000000
1.45861873
2.20871215
6.79128785
7.54138127
>89
0.00000000
2.32486913
3.46081113
6.00000000
6.21431974
>90
0.00000000
1.55051026
4.00000000
6.00000000
6.44948974
>91
0.00000000
1.00000000
1.00000000
5.00000000
7.00000000
>92
0.00000000
1.00000000
5.00000000
5.00000000
7.00000000
>93
0.00000000
1.76393202
5.00000000
5.00000000
6.23606798
>94
0.00000000
0.70759841
2.39729507
3.00000000
5.89510652
>95
0.00000000
1.00000000
2.00000000
5.00000000
6.00000000
>96
0.00000000
0.85866388
3.00000000
3.51513805
6.62619807
>97
0.00000000
2.00000000
2.43844719
5.00000000
6.56155281
>98
0.00000000
2.00000000
3.43844719
5.00000000
7.56155281
>99
0.00000000
1.17157288
5.00000000
5.00000000
6.82842712
>100
0.00000000
0.54829928
2.48054966
4.65999590
6.31115516
>101
0.00000000
2.00000000
2.76393202
6.00000000
7.23606798
>102
0.00000000
0.65403670
2.00000000
4.40672843
6.93923487
>103
0.00000000
0.85866388
3.51513805
5.00000000
6.62619807
>104
0.00000000
0.56633537
2.57414124
6.00000000
6.85952339
>105
0.00000000
0.85866388
3.51513805
6.62619807
7.00000000
>106
0.00000000
1.55051026
2.76393202
6.44948974
7.23606798
>107
0.00000000
0.54053690
1.69066201
4.54329238
7.22550872
>108
0.00000000
0.70759841
2.39729507
5.89510652
7.00000000
>109
0.00000000
0.55702135
1.73154281
6.26845719
7.44297865
>110
0.00000000
0.76393202
2.76393202
5.23606798
7.23606798
