>6_1
0.0000
0.2679
1.0000
2.0000
3.0000
3.7321
>6_2
0.0000
1.0000
1.0000
3.0000
3.0000
4.0000
>6_3
0.0000
0.3249
1.4608
3.0000
3.0000
4.2143
>6_4
0.0000
0.6972
1.3820
2.0000
3.6180
4.3028
>6_5
0.0000
1.0000
1.5858
3.0000
4.0000
4.4142
>6_6
0.0000
0.4384
2.0000
2.0000
3.0000
4.5616
>6_7
0.0000
0.4384
3.0000
3.0000
3.0000
4.5616
>6_8
0.0000
0.2786
1.1116
2.3154
3.4664
4.8280
>6_9
0.0000
0.3446
1.7892
3.0000
4.0000
4.8662
>6_10
0.0000
0.2907
1.2679
2.8061
4.7321
4.9032
>6_11
0.0000
1.0000
2.0000
3.0000
3.0000
5.0000
>6_12
0.0000
0.4859
1.0000
2.4280
3.0000
5.0861
>6_13
0.0000
0.4859
2.0000
2.4280
4.0000
5.0861
>6_14
0.0000
0.6314
1.4738
3.0000
3.7877
5.1071
>6_15
0.0000
0.7639
1.0000
2.0000
3.0000
5.2361
>6_16
0.0000
0.7639
2.0000
3.0000
3.0000
5.2361
>6_17
0.0000
0.7639
3.0000
3.0000
4.0000
5.2361
>6_18
0.0000
0.7639
1.2679
2.0000
4.7321
5.2361
>6_19
0.0000
0.7639
2.0000
3.0000
5.0000
5.2361
>6_20
0.0000
0.8817
1.4506
2.5341
3.8647
5.2688
>6_21
0.0000
1.1088
2.2954
3.0000
4.3174
5.2784
>6_22
0.0000
1.3820
1.6972
3.6180
4.0000
5.3028
>6_23
0.0000
0.8851
1.6972
3.2541
4.8608
5.3028
>6_24
0.0000
1.6972
1.6972
4.0000
5.3028
5.3028
>6_25
0.0000
1.0000
1.1864
3.0000
3.4707
5.3429
>6_26
0.0000
1.1864
3.0000
3.4707
5.0000
5.3429
>6_27
0.0000
0.8929
2.2123
4.5262
5.0000
5.3686
>6_28
0.0000
1.2679
2.0000
2.5858
4.7321
5.4142
>6_29
0.0000
1.2679
2.5858
4.0000
4.7321
5.4142
>6_30
0.0000
0.5505
1.0000
3.0000
4.0000
5.4495
>6_31
0.0000
0.5505
2.0000
4.0000
4.0000
5.4495
>6_32
0.0000
0.9139
2.0000
2.0000
3.5720
5.5141
>6_33
0.0000
0.9139
3.5720
5.0000
5.0000
5.5141
>6_34
0.0000
1.4384
2.0000
3.0000
4.0000
5.5616
>6_35
0.0000
1.4384
3.0000
3.0000
5.0000
5.5616
>6_36
0.0000
1.4384
3.0000
5.0000
5.0000
5.5616
>6_37
0.0000
1.6072
2.3023
3.6405
4.8631
5.5869
>6_38
0.0000
1.6972
3.3820
4.0000
5.3028
5.6180
>6_39
0.0000
0.3331
1.2358
1.6319
3.1778
5.6214
>6_40
0.0000
0.4323
1.5478
2.3885
4.0000
5.6314
>6_41
0.0000
0.3542
1.2679
2.0000
4.7321
5.6458
>6_42
0.0000
0.4773
1.6304
3.3465
4.8807
5.6652
>6_43
0.0000
0.3820
0.8549
2.4760
2.6180
5.6691
>6_44
0.0000
0.8549
1.3820
2.4760
3.6180
5.6691
>6_45
0.0000
0.8549
2.3820
2.4760
4.6180
5.6691
>6_46
0.0000
0.8549
1.6972
2.4760
5.3028
5.6691
>6_47
0.0000
1.7857
3.0000
4.5392
5.0000
5.6751
>6_48
0.0000
0.4558
1.3098
3.0000
3.5127
5.7217
>6_49
0.0000
0.4859
2.2679
2.4280
5.0861
5.7321
>6_50
0.0000
0.5505
2.2679
4.0000
5.4495
5.7321
>6_51
0.0000
0.6511
1.6041
2.0000
4.0000
5.7448
>6_52
0.0000
0.6511
1.6041
3.0000
5.0000
5.7448
>6_53
0.0000
0.3358
1.5337
3.0000
3.3711
5.7594
>6_54
0.0000
1.0445
1.6254
3.3257
4.2395
5.7649
>6_55
0.0000
0.3576
1.9033
3.2131
4.7494
5.7766
>6_56
0.0000
0.7276
1.0000
1.8427
4.6295
5.8003
>6_57
0.0000
0.7276
1.8427
3.0000
4.6295
5.8003
>6_58
0.0000
0.7276
1.8427
4.6295
5.0000
5.8003
>6_59
0.0000
0.7319
1.1810
2.6080
3.6575
5.8215
>6_60
0.0000
1.1308
2.3934
3.4200
5.2272
5.8286
>6_61
0.0000
0.8876
1.5424
2.6677
5.0727
5.8296
>6_62
0.0000
0.7829
2.1959
3.0000
4.1880
5.8332
>6_63
0.0000
0.8981
1.8348
3.4320
4.0000
5.8351
>6_64
0.0000
1.4024
1.8452
3.8218
5.0888
5.8417
>6_65
0.0000
0.4634
3.0000
3.0000
3.6932
5.8434
>6_66
0.0000
0.8226
1.2679
3.3216
4.7321
5.8558
>6_67
0.0000
0.4065
0.9309
2.5369
4.2667
5.8590
>6_68
0.0000
0.4522
1.5582
2.6540
5.4741
5.8616
>6_69
0.0000
0.9241
2.4328
4.0000
4.7789
5.8643
>6_70
0.0000
0.4023
1.6804
3.0000
3.0000
5.9173
>6_71
0.0000
0.9308
1.4098
2.8358
4.8975
5.9261
>6_72
0.0000
0.7597
1.6316
2.0000
3.6648
5.9439
>6_73
0.0000
1.1792
1.7141
3.0000
4.1593
5.9474
>6_74
0.0000
0.5858
2.0000
2.0000
3.4142
6.0000
>6_75
0.0000
2.0000
2.0000
2.0000
4.0000
6.0000
>6_76
0.0000
1.0000
2.0000
3.0000
4.0000
6.0000
>6_77
0.0000
1.5858
2.0000
2.0000
4.4142
6.0000
>6_78
0.0000
0.4384
2.0000
3.0000
4.5616
6.0000
>6_79
0.0000
0.4384
1.0000
4.0000
4.5616
6.0000
>6_80
0.0000
0.7857
3.0000
3.5392
4.6751
6.0000
>6_81
0.0000
1.2679
2.0000
4.0000
4.7321
6.0000
>6_82
0.0000
1.0000
2.0000
4.0000
5.0000
6.0000
>6_83
0.0000
2.0000
3.0000
4.0000
5.0000
6.0000
>6_84
0.0000
1.0000
4.0000
4.0000
5.0000
6.0000
>6_85
0.0000
3.0000
3.0000
5.0000
5.0000
6.0000
>6_86
0.0000
2.0000
4.0000
5.0000
5.0000
6.0000
>6_87
0.0000
0.4859
2.4280
4.0000
5.0861
6.0000
>6_88
0.0000
0.8990
1.7407
4.2593
5.1010
6.0000
>6_89
0.0000
1.5188
2.0000
3.3111
5.1701
6.0000
>6_90
0.0000
1.2254
3.1859
4.3604
5.2283
6.0000
>6_91
0.0000
0.7639
2.0000
2.0000
5.2361
6.0000
>6_92
0.0000
0.7639
1.0000
3.0000
5.2361
6.0000
>6_93
0.0000
0.7639
3.0000
3.0000
5.2361
6.0000
>6_94
0.0000
0.7639
2.0000
4.0000
5.2361
6.0000
>6_95
0.0000
0.7639
1.2679
4.7321
5.2361
6.0000
>6_96
0.0000
0.7639
3.0000
5.0000
5.2361
6.0000
>6_97
0.0000
2.5858
4.0000
4.0000
5.4142
6.0000
>6_98
0.0000
1.2679
2.5858
4.7321
5.4142
6.0000
>6_99
0.0000
0.5505
4.0000
4.0000
5.4495
6.0000
>6_100
0.0000
0.5028
1.6719
4.3281
5.4972
6.0000
>6_101
0.0000
0.9139
2.0000
3.5720
5.5141
6.0000
>6_102
0.0000
1.4384
3.0000
4.0000
5.5616
6.0000
>6_103
0.0000
1.4384
2.0000
5.0000
5.5616
6.0000
>6_104
0.0000
0.9336
2.7778
4.6522
5.6364
6.0000
>6_105
0.0000
1.2509
1.7287
3.3349
5.6855
6.0000
>6_106
0.0000
0.6511
1.6041
4.0000
5.7448
6.0000
>6_107
0.0000
2.0000
2.0000
2.0000
6.0000
6.0000
>6_108
0.0000
0.5858
2.0000
3.4142
6.0000
6.0000
>6_109
0.0000
1.0000
1.0000
4.0000
6.0000
6.0000
>6_110
0.0000
2.0000
2.0000
4.0000
6.0000
6.0000
>6_111
0.0000
1.0000
3.0000
4.0000
6.0000
6.0000
>6_112
0.0000
2.0000
4.0000
4.0000
6.0000
6.0000
>6_113
0.0000
1.5858
2.0000
4.4142
6.0000
6.0000
>6_114
0.0000
1.2679
4.0000
4.7321
6.0000
6.0000
>6_115
0.0000
1.0000
4.0000
5.0000
6.0000
6.0000
>6_116
0.0000
1.5188
3.3111
5.1701
6.0000
6.0000
>6_117
0.0000
0.7639
2.0000
5.2361
6.0000
6.0000
>6_118
0.0000
2.0000
2.0000
6.0000
6.0000
6.0000
>6_119
0.0000
0.4659
2.0000
2.4827
3.0000
6.0514
>6_120
0.0000
1.2955
2.0000
2.4911
4.1169
6.0965
>6_121
0.0000
0.4746
1.2679
1.3691
4.7321
6.1563
>6_122
0.0000
0.5224
2.1987
2.6693
4.4429
6.1667
>6_123
0.0000
0.5717
1.5765
2.4982
5.1797
6.1740
>6_124
0.0000
0.9049
1.7103
2.5727
4.6360
6.1762
>6_125
0.0000
1.1442
2.0000
3.0000
3.6784
6.1774
>6_126
0.0000
0.8074
0.8549
2.4760
5.6691
6.1926
>6_127
0.0000
0.9380
2.3873
3.0000
5.4688
6.2059
>6_128
0.0000
1.4259
2.0000
3.7246
4.6379
6.2116
>6_129
0.0000
0.4830
1.3170
3.1179
4.8684
6.2136
>6_130
0.0000
1.2679
2.3249
3.4608
4.7321
6.2143
>6_131
0.0000
0.8304
1.3153
4.3224
5.3160
6.2159
>6_132
0.0000
0.4522
1.1796
2.4359
3.7122
6.2201
>6_133
0.0000
0.7775
2.0000
2.4571
4.5429
6.2225
>6_134
0.0000
0.7412
1.2056
2.7760
5.0452
6.2319
>6_135
0.0000
1.0000
1.7639
3.0000
4.0000
6.2361
>6_136
0.0000
1.7639
2.0000
3.0000
5.0000
6.2361
>6_137
0.0000
1.4384
1.7639
3.0000
5.5616
6.2361
>6_138
0.0000
0.8972
1.2679
2.8536
4.7321
6.2491
>6_139
0.0000
0.4691
2.1439
3.0000
4.1355
6.2515
>6_140
0.0000
0.8204
2.3512
2.5665
6.0000
6.2620
>6_141
0.0000
0.4921
3.0000
3.2444
5.0000
6.2635
>6_142
0.0000
0.3148
1.3529
2.5769
3.4910
6.2644
>6_143
0.0000
0.3326
1.5986
3.0000
4.8012
6.2675
>6_144
0.0000
0.9433
1.8491
4.0000
4.9384
6.2693
>6_145
0.0000
1.1997
2.3705
3.0000
5.1573
6.2724
>6_146
0.0000
0.8053
2.1494
3.7173
5.0511
6.2770
>6_147
0.0000
0.7520
2.3096
3.5625
5.0950
6.2809
>6_148
0.0000
1.3030
2.1479
4.0000
4.2627
6.2863
>6_149
0.0000
0.4158
2.2943
3.0000
4.0000
6.2899
>6_150
0.0000
1.8436
2.4168
4.2061
5.2386
6.2949
>6_151
0.0000
0.6972
2.0000
2.6972
4.3028
6.3028
>6_152
0.0000
1.6972
2.6972
4.0000
5.3028
6.3028
>6_153
0.0000
0.8549
2.4760
2.6972
5.6691
6.3028
>6_154
0.0000
0.5019
1.2212
3.3871
4.5817
6.3081
>6_155
0.0000
1.0368
2.0000
3.4119
5.2429
6.3085
>6_156
0.0000
0.3364
1.5419
3.1397
4.6698
6.3123
>6_157
0.0000
0.3583
1.9223
4.5124
4.8909
6.3162
>6_158
0.0000
0.5269
2.5434
4.0000
4.5919
6.3378
>6_159
0.0000
0.4647
3.0000
3.3939
4.7959
6.3454
>6_160
0.0000
0.7090
1.6122
2.3037
5.0188
6.3563
>6_161
0.0000
0.7262
1.7120
3.3701
3.8212
6.3704
>6_162
0.0000
0.6277
1.0000
3.0000
3.0000
6.3723
>6_163
0.0000
0.6277
3.0000
3.0000
3.0000
6.3723
>6_164
0.0000
0.6277
3.0000
3.0000
5.0000
6.3723
>6_165
0.0000
1.6239
2.0000
3.4048
4.5952
6.3761
>6_166
0.0000
0.9182
2.0000
2.3613
4.3315
6.3890
>6_167
0.0000
0.9182
2.3613
4.3315
6.0000
6.3890
>6_168
0.0000
0.9664
2.0977
3.4634
5.0798
6.3926
>6_169
0.0000
1.6058
2.0000
2.4940
5.5060
6.3942
>6_170
0.0000
0.8946
2.3081
3.2869
5.1134
6.3970
>6_171
0.0000
1.4869
2.0995
4.6316
5.3801
6.4018
>6_172
0.0000
0.4311
1.2995
2.4899
5.3670
6.4126
>6_173
0.0000
1.0000
3.0000
3.5858
4.0000
6.4142
>6_174
0.0000
2.0000
2.0000
3.5858
6.0000
6.4142
>6_175
0.0000
1.3133
2.3962
4.3886
5.4789
6.4231
>6_176
0.0000
0.4720
2.2477
3.3708
5.4835
6.4260
>6_177
0.0000
0.4373
2.4030
3.2286
5.4991
6.4320
>6_178
0.0000
1.6685
2.4792
3.4202
6.0000
6.4321
>6_179
0.0000
1.4413
2.2228
3.5230
4.3789
6.4339
>6_180
0.0000
0.7569
1.3685
2.6089
4.8299
6.4359
>6_181
0.0000
1.6338
2.7405
4.3172
4.8665
6.4420
>6_182
0.0000
1.2006
2.6670
4.1418
5.5460
6.4446
>6_183
0.0000
1.5505
3.0000
4.0000
5.0000
6.4495
>6_184
0.0000
0.4395
1.2419
2.5777
5.2804
6.4604
>6_185
0.0000
0.7444
1.8556
3.3962
5.5419
6.4619
>6_186
0.0000
0.7898
1.0000
2.7393
3.0000
6.4709
>6_187
0.0000
1.0746
1.3820
3.4481
3.6180
6.4774
>6_188
0.0000
1.0746
1.6972
3.4481
5.3028
6.4774
>6_189
0.0000
1.0746
3.3820
3.4481
5.6180
6.4774
>6_190
0.0000
1.0746
2.6972
3.4481
6.3028
6.4774
>6_191
0.0000
0.7176
1.6175
4.0000
5.1868
6.4781
>6_192
0.0000
0.9700
2.5454
4.4799
5.5257
6.4789
>6_193
0.0000
0.8409
1.7956
3.0000
3.8842
6.4794
>6_194
0.0000
2.0000
2.8299
4.6889
6.0000
6.4812
>6_195
0.0000
1.2215
3.0000
3.0000
4.2892
6.4893
>6_196
0.0000
0.8123
2.3346
5.0000
5.3600
6.4931
>6_197
0.0000
0.5310
2.9111
4.5673
5.4974
6.4932
>6_198
0.0000
0.3961
2.0000
3.1099
6.0000
6.4940
>6_199
0.0000
0.4845
1.3177
4.2311
5.4705
6.4961
>6_200
0.0000
0.7927
2.0364
4.3249
6.3497
6.4962
>6_201
0.0000
1.6150
2.1509
4.1118
5.6229
6.4993
>6_202
0.0000
1.8088
3.0000
3.4233
5.2644
6.5035
>6_203
0.0000
1.9139
4.0000
4.5720
5.0000
6.5141
>6_204
0.0000
1.9139
3.0000
4.5720
6.0000
6.5141
>6_205
0.0000
0.4937
3.1003
4.3214
5.5673
6.5173
>6_206
0.0000
0.9189
2.0849
3.8011
4.6768
6.5183
>6_207
0.0000
0.9308
1.7978
3.1307
5.6217
6.5190
>6_208
0.0000
1.6515
2.3443
4.3653
5.1164
6.5226
>6_209
0.0000
0.8437
2.0000
3.0000
5.6309
6.5254
>6_210
0.0000
0.9486
1.2679
4.5173
4.7321
6.5341
>6_211
0.0000
0.9486
2.0000
4.5173
6.0000
6.5341
>6_212
0.0000
0.9190
3.1514
4.2692
5.1176
6.5428
>6_213
0.0000
1.1193
1.9505
4.8898
5.4968
6.5435
>6_214
0.0000
1.2783
3.0000
3.4873
5.6902
6.5442
>6_215
0.0000
1.4424
3.3228
4.0000
4.6772
6.5576
>6_216
0.0000
1.0000
2.4384
3.0000
3.0000
6.5616
>6_217
0.0000
1.5858
2.4384
3.0000
4.4142
6.5616
>6_218
0.0000
1.0000
2.4384
4.0000
6.0000
6.5616
>6_219
0.0000
0.4384
2.4384
4.5616
6.0000
6.5616
>6_220
0.0000
2.0000
2.4384
5.0000
6.0000
6.5616
>6_221
0.0000
1.7639
2.4384
3.0000
6.2361
6.5616
>6_222
0.0000
2.4384
3.0000
3.5858
6.4142
6.5616
>6_223
0.0000
1.0093
2.1368
4.7094
5.5759
6.5686
>6_224
0.0000
1.1345
3.3954
4.8975
6.0000
6.5726
>6_225
0.0000
2.2765
3.3323
4.5219
5.2920
6.5772
>6_226
0.0000
0.9049
1.9151
3.5399
5.0337
6.6064
>6_227
0.0000
1.0465
3.2416
3.7477
5.3574
6.6068
>6_228
0.0000
1.0163
2.2394
3.3003
4.8339
6.6101
>6_229
0.0000
1.6972
4.0000
4.3820
5.3028
6.6180
>6_230
0.0000
0.8549
2.4760
4.3820
5.6691
6.6180
>6_231
0.0000
1.0746
3.4481
4.3820
6.4774
6.6180
>6_232
0.0000
0.8587
2.0000
3.0000
3.5151
6.6262
>6_233
0.0000
0.8587
3.0000
3.5151
6.0000
6.6262
>6_234
0.0000
1.5256
2.2409
4.2598
5.3464
6.6273
>6_235
0.0000
0.4454
2.1572
3.7678
5.0000
6.6296
>6_236
0.0000
0.4953
3.0000
4.8646
5.0000
6.6400
>6_237
0.0000
0.4953
4.0000
4.8646
6.0000
6.6400
>6_238
0.0000
0.4715
0.9041
2.3074
3.6728
6.6443
>6_239
0.0000
0.5858
1.3542
3.4142
4.0000
6.6458
>6_240
0.0000
1.3542
2.0000
3.0000
5.0000
6.6458
>6_241
0.0000
0.6766
1.3542
3.6421
5.6813
6.6458
>6_242
0.0000
1.3542
2.2679
4.0000
5.7321
6.6458
>6_243
0.0000
1.3542
3.0000
5.0000
6.0000
6.6458
>6_244
0.0000
0.6000
1.4745
3.5840
5.6886
6.6528
>6_245
0.0000
0.6791
2.0000
2.6481
4.0000
6.6728
>6_246
0.0000
0.6791
2.6481
4.0000
4.0000
6.6728
>6_247
0.0000
0.6791
2.6481
4.0000
6.0000
6.6728
>6_248
0.0000
0.2819
1.1409
2.3809
3.5220
6.6742
>6_249
0.0000
0.2945
1.3095
2.9019
4.8197
6.6744
>6_250
0.0000
0.3508
1.8763
3.0000
4.0964
6.6765
>6_251
0.0000
1.6766
2.0000
3.0000
4.6421
6.6813
>6_252
0.0000
1.6766
3.0000
4.0000
4.6421
6.6813
>6_253
0.0000
1.6766
3.0000
4.6421
6.0000
6.6813
>6_254
0.0000
0.3609
1.2731
2.1001
5.5795
6.6864
>6_255
0.0000
0.3645
2.0000
3.2269
5.7209
6.6877
>6_256
0.0000
0.3382
1.6608
3.0704
6.2422
6.6885
>6_257
0.0000
0.5298
0.9072
3.1869
4.6801
6.6960
>6_258
0.0000
0.3652
2.0231
4.6333
6.2809
6.6975
>6_259
0.0000
0.2984
1.3542
3.0000
6.6458
6.7016
>6_260
0.0000
1.0196
3.1965
4.0000
5.0818
6.7020
>6_261
0.0000
1.9035
2.0000
3.8831
5.5089
6.7045
>6_262
0.0000
1.5286
3.6837
4.6756
5.3923
6.7198
>6_263
0.0000
0.6549
1.7468
3.4525
5.4251
6.7208
>6_264
0.0000
0.5013
2.0000
2.4958
4.2791
6.7238
>6_265
0.0000
0.5013
2.4958
4.2791
6.0000
6.7238
>6_266
0.0000
0.4918
1.6466
3.5509
5.5804
6.7304
>6_267
0.0000
1.2679
2.0000
3.2679
4.7321
6.7321
>6_268
0.0000
2.0000
3.2679
4.0000
6.0000
6.7321
>6_269
0.0000
0.7985
3.0000
3.0000
4.4549
6.7466
>6_270
0.0000
0.7985
1.0000
4.4549
5.0000
6.7466
>6_271
0.0000
0.7985
3.0000
4.4549
5.0000
6.7466
>6_272
0.0000
0.7985
4.4549
5.0000
5.0000
6.7466
>6_273
0.0000
0.5164
1.7172
3.0000
4.0000
6.7664
>6_274
0.0000
0.8265
1.6317
2.4107
4.3629
6.7681
>6_275
0.0000
0.6924
2.1695
3.1906
5.1795
6.7681
>6_276
0.0000
1.3223
1.8408
3.5332
4.5354
6.7683
>6_277
0.0000
1.3903
1.9153
4.1495
5.7760
6.7689
>6_278
0.0000
1.5946
2.0000
2.7064
4.9277
6.7713
>6_279
0.0000
1.5946
2.7064
4.9277
6.0000
6.7713
>6_280
0.0000
1.5107
3.0000
3.0000
3.7108
6.7785
>6_281
0.0000
1.5107
2.0000
3.7108
6.0000
6.7785
>6_282
0.0000
0.6941
3.0000
4.0000
5.5202
6.7857
>6_283
0.0000
1.6086
2.2087
3.2271
6.1642
6.7913
>6_284
0.0000
1.9021
3.0000
3.5473
4.7528
6.7977
>6_285
0.0000
1.6161
3.0000
4.2576
6.3279
6.7985
>6_286
0.0000
0.5721
1.0000
3.0000
4.6243
6.8035
>6_287
0.0000
0.5721
2.0000
4.0000
4.6243
6.8035
>6_288
0.0000
0.5721
2.2679
4.6243
5.7321
6.8035
>6_289
0.0000
0.5721
4.0000
4.6243
6.0000
6.8035
>6_290
0.0000
1.0000
2.6571
3.0000
4.5293
6.8136
>6_291
0.0000
2.6571
3.0000
4.5293
5.0000
6.8136
>6_292
0.0000
0.4500
2.0732
3.0000
5.6621
6.8147
>6_293
0.0000
1.1716
2.5858
5.4142
6.0000
6.8284
>6_294
0.0000
0.7676
1.8591
3.6528
4.8787
6.8418
>6_295
0.0000
0.5117
3.1812
5.0000
6.4553
6.8518
>6_296
0.0000
0.8531
2.1130
3.0000
5.1802
6.8537
>6_297
0.0000
1.8226
2.0000
4.3216
5.0000
6.8558
>6_298
0.0000
0.7824
3.3498
3.3820
5.6180
6.8678
>6_299
0.0000
0.4138
0.9553
2.5383
5.2225
6.8701
>6_300
0.0000
1.6461
3.0000
3.0000
5.4765
6.8774
>6_301
0.0000
0.6002
2.1751
5.0000
5.3419
6.8828
>6_302
0.0000
0.4481
1.0217
4.1790
5.4631
6.8881
>6_303
0.0000
0.5192
1.6972
5.3028
5.5902
6.8905
>6_304
0.0000
0.4751
2.2979
2.4871
3.8476
6.8923
>6_305
0.0000
1.9596
3.2205
4.2614
5.6585
6.9000
>6_306
0.0000
0.9079
2.5283
4.3449
5.3175
6.9014
>6_307
0.0000
0.5410
2.2214
2.6950
5.6189
6.9237
>6_308
0.0000
1.8487
2.4903
4.7371
6.0000
6.9239
>6_309
0.0000
0.5354
2.4556
3.3242
4.7550
6.9299
>6_310
0.0000
0.9413
3.0000
3.4638
5.6648
6.9301
>6_311
0.0000
0.3876
1.4539
2.7439
4.4704
6.9443
>6_312
0.0000
0.4989
1.3382
4.9749
6.2410
6.9470
>6_313
0.0000
0.5179
1.2327
3.4936
5.8069
6.9488
>6_314
0.0000
0.4194
1.6559
4.0000
4.9667
6.9580
>6_315
0.0000
0.5460
2.5938
4.0763
5.8249
6.9591
>6_316
0.0000
0.8205
2.4599
3.6140
6.1424
6.9632
>6_317
0.0000
1.1498
2.2991
3.5830
4.0000
6.9681
>6_318
0.0000
0.9102
1.7550
3.7021
4.6488
6.9838
>6_319
0.0000
0.3249
1.4608
3.0000
4.2143
7.0000
>6_320
0.0000
0.4384
3.0000
3.0000
4.5616
7.0000
>6_321
0.0000
1.2679
3.0000
4.0000
4.7321
7.0000
>6_322
0.0000
0.3446
1.7892
4.0000
4.8662
7.0000
>6_323
0.0000
1.0000
3.0000
4.0000
5.0000
7.0000
>6_324
0.0000
3.0000
3.0000
4.0000
5.0000
7.0000
>6_325
0.0000
2.0000
3.0000
5.0000
5.0000
7.0000
>6_326
0.0000
0.4859
1.0000
2.4280
5.0861
7.0000
>6_327
0.0000
0.6314
1.4738
3.7877
5.1071
7.0000
>6_328
0.0000
0.7639
2.0000
3.0000
5.2361
7.0000
>6_329
0.0000
0.7639
3.0000
4.0000
5.2361
7.0000
>6_330
0.0000
0.5505
1.0000
4.0000
5.4495
7.0000
>6_331
0.0000
1.4384
3.0000
3.0000
5.5616
7.0000
>6_332
0.0000
0.4558
1.3098
3.5127
5.7217
7.0000
>6_333
0.0000
0.6511
1.6041
5.0000
5.7448
7.0000
>6_334
0.0000
0.7276
1.8427
4.6295
5.8003
7.0000
>6_335
0.0000
0.7829
2.1959
4.1880
5.8332
7.0000
>6_336
0.0000
0.4634
3.0000
3.6932
5.8434
7.0000
>6_337
0.0000
0.4023
1.6804
3.0000
5.9173
7.0000
>6_338
0.0000
3.0000
3.0000
3.0000
6.0000
7.0000
>6_339
0.0000
1.0000
2.0000
4.0000
6.0000
7.0000
>6_340
0.0000
0.4384
2.0000
4.5616
6.0000
7.0000
>6_341
0.0000
0.7857
3.5392
4.6751
6.0000
7.0000
>6_342
0.0000
0.7639
3.0000
5.2361
6.0000
7.0000
>6_343
0.0000
0.5505
3.0000
5.4495
6.0000
7.0000
>6_344
0.0000
1.7639
3.0000
4.0000
6.2361
7.0000
>6_345
0.0000
0.4158
2.2943
4.0000
6.2899
7.0000
>6_346
0.0000
0.4647
3.3939
4.7959
6.3454
7.0000
>6_347
0.0000
0.6277
1.0000
3.0000
6.3723
7.0000
>6_348
0.0000
0.6277
3.0000
3.0000
6.3723
7.0000
>6_349
0.0000
0.6277
3.0000
5.0000
6.3723
7.0000
>6_350
0.0000
0.3508
1.8763
4.0964
6.6765
7.0000
>6_351
0.0000
0.7985
3.0000
4.4549
6.7466
7.0000
>6_352
0.0000
0.5164
1.7172
4.0000
6.7664
7.0000
>6_353
0.0000
0.5721
1.0000
4.6243
6.8035
7.0000
>6_354
0.0000
0.4500
2.0732
5.6621
6.8147
7.0000
>6_355
0.0000
0.4384
3.0000
4.5616
7.0000
7.0000
>6_356
0.0000
1.2679
1.4659
3.4827
4.7321
7.0514
>6_357
0.0000
1.3136
3.4326
4.5091
5.6845
7.0602
>6_358
0.0000
0.8617
2.2452
3.0000
4.8299
7.0632
>6_359
0.0000
0.5490
0.9083
3.3192
6.1503
7.0732
>6_360
0.0000
1.0424
2.3820
4.6180
4.8785
7.0791
>6_361
0.0000
1.0424
3.3820
4.8785
5.6180
7.0791
>6_362
0.0000
0.4586
1.0424
4.8785
6.5414
7.0791
>6_363
0.0000
0.7029
3.0000
3.2132
6.0000
7.0839
>6_364
0.0000
0.7029
3.2132
5.0000
6.0000
7.0839
>6_365
0.0000
0.4295
1.7052
4.2502
6.5268
7.0884
>6_366
0.0000
0.7957
1.3685
3.7020
5.0239
7.1098
>6_367
0.0000
0.8622
3.0000
3.8287
5.1952
7.1139
>6_368
0.0000
0.6972
1.3126
2.5684
4.3028
7.1190
>6_369
0.0000
1.3126
2.3820
2.5684
4.6180
7.1190
>6_370
0.0000
1.3126
2.5684
3.3820
5.6180
7.1190
>6_371
0.0000
0.5762
1.0000
2.3753
4.9191
7.1294
>6_372
0.0000
0.5762
2.3753
3.0000
4.9191
7.1294
>6_373
0.0000
0.5762
2.3753
4.9191
5.0000
7.1294
>6_374
0.0000
0.5762
2.3753
4.9191
7.0000
7.1294
>6_375
0.0000
0.8267
2.0902
3.5122
4.4310
7.1399
>6_376
0.0000
1.8266
2.4741
3.5994
4.9584
7.1415
>6_377
0.0000
1.9460
3.0000
3.7173
6.1882
7.1485
>6_378
0.0000
0.8377
2.0000
2.5858
5.4142
7.1623
>6_379
0.0000
1.3339
2.4176
3.5970
5.4869
7.1646
>6_380
0.0000
1.4230
2.4544
4.9495
6.0000
7.1731
>6_381
0.0000
1.5858
2.1442
4.4142
4.6784
7.1774
>6_382
0.0000
2.1442
3.0000
4.6784
5.0000
7.1774
>6_383
0.0000
0.3152
1.2056
2.0000
3.2979
7.1813
>6_384
0.0000
0.3329
1.3270
2.3703
4.7866
7.1832
>6_385
0.0000
0.5554
2.4573
3.4892
6.3138
7.1843
>6_386
0.0000
1.6038
3.0000
3.3728
4.8347
7.1888
>6_387
0.0000
0.6972
1.8074
2.0000
4.3028
7.1926
>6_388
0.0000
0.8549
1.8074
2.4760
5.6691
7.1926
>6_389
0.0000
0.3384
1.0000
2.4631
3.0000
7.1985
>6_390
0.0000
0.3384
1.3542
2.4631
6.6458
7.1985
>6_391
0.0000
1.9082
3.0000
4.4008
5.4907
7.2003
>6_392
0.0000
1.0000
1.2534
3.0000
3.5451
7.2015
>6_393
0.0000
1.3577
2.2993
3.7934
5.3437
7.2059
>6_394
0.0000
0.4143
1.5927
3.0000
3.7834
7.2095
>6_395
0.0000
0.4143
1.5927
3.7834
7.0000
7.2095
>6_396
0.0000
1.0000
1.5291
3.0000
5.2607
7.2102
>6_397
0.0000
0.8438
2.2161
4.1391
5.5904
7.2105
>6_398
0.0000
0.7461
1.4078
2.4811
4.1455
7.2195
>6_399
0.0000
1.0435
1.8857
3.4734
4.3774
7.2201
>6_400
0.0000
1.0804
2.0000
3.9395
5.7578
7.2222
>6_401
0.0000
0.7652
2.0000
2.1196
5.8804
7.2348
>6_402
0.0000
1.2679
2.0000
2.7639
4.7321
7.2361
>6_403
0.0000
2.0000
2.0000
2.7639
6.0000
7.2361
>6_404
0.0000
2.0000
2.7639
4.0000
6.0000
7.2361
>6_405
0.0000
1.2679
2.7639
4.7321
6.0000
7.2361
>6_406
0.0000
0.3571
1.1219
2.7249
4.5537
7.2424
>6_407
0.0000
1.9128
2.4800
4.1779
6.1838
7.2454
>6_408
0.0000
1.1113
1.3165
3.2107
5.1037
7.2578
>6_409
0.0000
1.1880
2.0760
3.5812
5.8957
7.2591
>6_410
0.0000
0.3953
1.5132
2.7086
6.1143
7.2686
>6_411
0.0000
0.4438
2.0000
2.3859
3.8937
7.2767
>6_412
0.0000
0.4931
2.1476
3.1720
4.9067
7.2806
>6_413
0.0000
0.3799
1.2679
4.3365
4.7321
7.2836
>6_414
0.0000
0.7761
2.4043
3.5276
4.0000
7.2920
>6_415
0.0000
0.4291
1.2783
1.6972
5.3028
7.2926
>6_416
0.0000
0.7957
1.6582
2.4875
5.7661
7.2926
>6_417
0.0000
0.8479
1.6672
3.4565
6.7356
7.2928
>6_418
0.0000
0.4878
1.5303
3.2311
5.4564
7.2944
>6_419
0.0000
0.9161
3.0000
4.0000
4.7868
7.2971
>6_420
0.0000
0.9551
1.4194
2.9106
5.4171
7.2977
>6_421
0.0000
1.2969
2.2281
3.1770
6.0000
7.2980
>6_422
0.0000
0.4350
1.6405
3.1625
5.4631
7.2988
>6_423
0.0000
1.0469
2.0647
3.4937
6.0945
7.3002
>6_424
0.0000
0.8549
2.4760
3.6972
5.6691
7.3028
>6_425
0.0000
1.3126
2.5684
3.6972
7.1190
7.3028
>6_426
0.0000
0.8516
2.2406
3.2552
6.3457
7.3068
>6_427
0.0000
1.1116
1.8895
4.1994
5.4924
7.3070
>6_428
0.0000
1.3054
3.0000
4.2057
6.1816
7.3072
>6_429
0.0000
0.5093
2.1591
3.3634
6.6597
7.3086
>6_430
0.0000
1.0217
1.4485
4.3383
5.8786
7.3129
>6_431
0.0000
0.4361
1.6465
4.4735
6.1228
7.3210
>6_432
0.0000
1.1172
1.6888
3.6019
6.2696
7.3224
>6_433
0.0000
1.0000
2.3187
3.0000
4.3579
7.3234
>6_434
0.0000
1.3542
2.3187
4.3579
6.6458
7.3234
>6_435
0.0000
1.2716
2.0776
5.3142
6.0000
7.3366
>6_436
0.0000
0.7892
1.0000
2.2348
4.6334
7.3427
>6_437
0.0000
0.7892
2.2348
3.0000
4.6334
7.3427
>6_438
0.0000
0.7892
2.2348
4.6334
5.0000
7.3427
>6_439
0.0000
0.7892
2.2348
4.6334
7.0000
7.3427
>6_440
0.0000
1.1306
2.0313
5.2014
6.2884
7.3483
>6_441
0.0000
0.8928
1.4570
3.6455
4.6359
7.3688
>6_442
0.0000
1.1137
2.6408
4.2371
4.6381
7.3703
>6_443
0.0000
1.6277
3.0000
4.0000
4.0000
7.3723
>6_444
0.0000
1.6277
3.0000
3.0000
5.0000
7.3723
>6_445
0.0000
1.6277
4.0000
4.0000
5.0000
7.3723
>6_446
0.0000
1.4384
1.6277
4.0000
5.5616
7.3723
>6_447
0.0000
1.6277
2.4384
4.0000
6.5616
7.3723
>6_448
0.0000
1.0000
1.6277
3.0000
7.0000
7.3723
>6_449
0.0000
1.1347
3.0811
4.6339
5.7751
7.3753
>6_450
0.0000
0.5967
2.0000
2.4452
5.5548
7.4033
>6_451
0.0000
0.7783
2.0000
3.8176
6.0000
7.4040
>6_452
0.0000
1.2679
2.0000
4.5858
4.7321
7.4142
>6_453
0.0000
1.2679
4.0000
4.5858
4.7321
7.4142
>6_454
0.0000
0.7639
1.1965
3.3757
5.2361
7.4279
>6_455
0.0000
1.0257
2.4966
4.0000
5.0413
7.4364
>6_456
0.0000
0.4755
2.3051
3.2530
4.5202
7.4462
>6_457
0.0000
0.8976
1.5612
4.6275
5.4665
7.4472
>6_458
0.0000
0.3627
1.1583
2.7462
6.2788
7.4540
>6_459
0.0000
0.5359
3.0000
4.0000
5.0000
7.4641
>6_460
0.0000
0.5359
2.0000
4.0000
6.0000
7.4641
>6_461
0.0000
1.1451
2.3330
3.4105
5.6450
7.4665
>6_462
0.0000
1.2008
2.6952
4.6306
6.0000
7.4734
>6_463
0.0000
0.6968
2.1961
3.3289
6.3016
7.4766
>6_464
0.0000
0.3870
1.3104
4.5119
6.3104
7.4802
>6_465
0.0000
1.3600
3.1354
4.0000
6.0000
7.5047
>6_466
0.0000
1.7365
3.0000
4.7556
5.0000
7.5079
>6_467
0.0000
1.2679
1.8437
4.7321
6.6309
7.5254
>6_468
0.0000
0.4677
2.0000
2.7660
5.2340
7.5323
>6_469
0.0000
0.7824
1.4586
3.3498
6.8678
7.5414
>6_470
0.0000
1.0424
1.4586
4.8785
7.0791
7.5414
>6_471
0.0000
0.5248
2.2198
4.2495
5.4633
7.5427
>6_472
0.0000
0.9660
1.2679
4.7321
5.4865
7.5475
>6_473
0.0000
0.5560
3.0596
4.2716
6.5579
7.5550
>6_474
0.0000
3.0000
3.0000
3.4384
5.0000
7.5616
>6_475
0.0000
0.7639
3.0000
3.4384
5.2361
7.5616
>6_476
0.0000
1.0000
3.4384
4.0000
6.0000
7.5616
>6_477
0.0000
1.0000
3.0000
3.4384
7.0000
7.5616
>6_478
0.0000
1.8272
3.2376
4.0000
5.3452
7.5900
>6_479
0.0000
0.5437
2.2507
4.9253
6.6838
7.5965
>6_480
0.0000
1.5060
2.0000
4.8901
6.0000
7.6039
>6_481
0.0000
0.3944
1.3542
2.0000
6.6458
7.6056
>6_482
0.0000
0.3944
1.3542
6.0000
6.6458
7.6056
>6_483
0.0000
1.1516
3.1642
3.6208
6.4566
7.6069
>6_484
0.0000
0.6972
2.0000
4.3028
5.3820
7.6180
>6_485
0.0000
0.8549
2.4760
5.3820
5.6691
7.6180
>6_486
0.0000
0.7164
1.2679
3.6635
4.7321
7.6201
>6_487
0.0000
1.1351
1.3542
3.2315
6.6458
7.6334
>6_488
0.0000
1.2679
2.3542
4.0000
4.7321
7.6458
>6_489
0.0000
1.2679
2.3542
4.7321
6.0000
7.6458
>6_490
0.0000
0.8015
1.0000
3.0000
5.5369
7.6616
>6_491
0.0000
1.0000
2.6766
3.0000
5.6421
7.6813
>6_492
0.0000
1.2984
1.3542
5.0000
6.6458
7.7016
>6_493
0.0000
1.2679
3.0968
4.7321
5.1939
7.7093
>6_494
0.0000
1.0000
3.0000
4.2679
6.0000
7.7321
