>1
0.00000000
0.26794919
1.00000000
2.00000000
3.00000000
3.73205081
>2
0.00000000
0.38196601
0.85489731
2.47602360
2.61803399
5.66907909
>3
0.00000000
0.43844719
2.00000000
2.00000000
3.00000000
4.56155281
>4
0.00000000
0.33309987
1.23577024
1.63191433
3.17779053
5.62142503
>5
0.00000000
0.32486913
1.46081113
3.00000000
3.00000000
4.21431974
>6
0.00000000
0.69722436
1.38196601
2.00000000
3.61803399
4.30277564
>7
0.00000000
0.27858480
1.11161664
2.31535527
3.46643748
4.82800581
>8
0.00000000
1.00000000
1.00000000
3.00000000
3.00000000
4.00000000
>9
0.00000000
0.46592980
2.00000000
2.48269595
3.00000000
6.05137424
>10
0.00000000
1.00000000
2.00000000
3.00000000
3.00000000
5.00000000
>11
0.00000000
0.33582926
1.53368166
3.00000000
3.37106621
5.75942288
>12
0.00000000
0.75965789
1.63162913
2.00000000
3.66483383
5.94387914
>13
0.00000000
1.00000000
1.58578644
3.00000000
4.00000000
4.41421356
>14
0.00000000
0.28188550
1.14093152
2.38093448
3.52201748
6.67423102
>15
0.00000000
1.00000000
1.18639350
3.00000000
3.47068342
5.34292308
>16
0.00000000
0.43952414
1.24191890
2.57772901
5.28039340
6.46043456
>17
0.00000000
0.46908940
2.14389052
3.00000000
4.13554136
6.25147873
>18
0.00000000
0.69722436
2.00000000
2.69722436
4.30277564
6.30277564
>19
0.00000000
0.47506532
2.29786959
2.48710153
3.84764384
6.89231972
>20
0.00000000
1.00000000
2.43844719
3.00000000
3.00000000
6.56155281
>21
0.00000000
0.43844719
2.00000000
3.00000000
4.56155281
6.00000000
>22
0.00000000
0.77745015
2.00000000
2.45706072
4.54293928
6.22254985
>23
0.00000000
1.10878015
2.29537563
3.00000000
4.31743061
5.27841361
>24
0.00000000
0.44379815
2.00000000
2.38585189
3.89366754
7.27668242
>25
0.00000000
1.14422749
2.00000000
3.00000000
3.67836283
6.17740968
>26
0.00000000
0.69722436
1.31260044
2.56837289
4.30277564
7.11902668
>27
0.00000000
0.72623120
1.71203917
3.37013217
3.82116352
6.37043395
>28
0.00000000
0.84092168
1.79555246
3.00000000
3.88416747
6.47935839
>29
0.00000000
0.33637524
1.54187593
3.13965574
4.66981339
6.31227970
>30
0.00000000
1.00000000
1.76393202
3.00000000
4.00000000
6.23606798
>31
0.00000000
0.82646487
1.63173189
2.41074334
4.36293355
6.76812635
>32
0.00000000
1.38196601
1.69722436
3.61803399
4.00000000
5.30277564
>33
0.00000000
0.32486913
1.46081113
3.00000000
4.21431974
7.00000000
>34
0.00000000
1.04453826
1.62544842
3.32568836
4.23947144
5.76485352
>35
0.00000000
1.17917772
1.71413531
3.00000000
4.15927432
5.94741264
>36
0.00000000
0.74613525
1.40784838
2.48109261
4.14547155
7.21945221
>37
0.00000000
1.00000000
1.25343175
3.00000000
3.54509591
7.20147234
>38
0.00000000
1.07457708
1.38196601
3.44807057
3.61803399
6.47735235
>39
0.00000000
0.47457244
1.26794919
1.36910239
4.73205081
6.15632517
>40
0.00000000
0.73188955
1.18102043
2.60804355
3.65751669
5.82152977
>41
0.00000000
0.45584445
1.30979540
3.00000000
3.51265797
5.72170218
>42
0.00000000
0.40652085
0.93092786
2.53687204
4.26669132
5.85898793
>43
0.00000000
0.85489731
1.38196601
2.47602360
3.61803399
5.66907909
>44
0.00000000
0.35424869
1.26794919
2.00000000
4.73205081
5.64575131
>45
0.00000000
0.47146486
0.90406931
2.30735551
3.67277128
6.64433904
>46
0.00000000
0.75692075
1.36847041
2.60885093
4.82988272
6.43587519
>47
0.00000000
0.48302394
1.31698549
3.11794650
4.86841651
6.21362755
>48
0.00000000
0.89812508
1.83475193
3.43204735
4.00000000
5.83507564
>49
0.00000000
0.41380306
0.95525994
2.53830679
5.22248517
6.87014503
>50
0.00000000
0.93076922
1.40981145
2.83579523
4.89754243
5.92608166
>51
0.00000000
0.85489731
1.69722436
2.47602360
5.30277564
5.66907909
>52
0.00000000
1.29553219
2.00000000
2.49107671
4.11688389
6.09650721
>53
0.00000000
0.36092289
1.27311207
2.10006929
5.57953576
6.68636000
>54
0.00000000
0.79574992
1.36850301
3.70203583
5.02391791
7.10979333
>55
0.00000000
0.90487729
1.91513184
3.53986861
5.03374877
6.60637348
>56
0.00000000
0.86166998
2.24524174
3.00000000
4.82993321
7.06315507
>57
0.00000000
0.48453424
1.31766730
4.23112714
5.47053389
6.49613744
>58
0.00000000
0.76761988
1.85910555
3.65279037
4.87872954
6.84175466
>59
0.00000000
0.71643295
1.26794919
3.66349120
4.73205081
7.62007586
>60
0.00000000
0.76393202
1.19645750
3.37566362
5.23606798
7.42787887
>61
0.00000000
0.96638368
2.09773448
3.46342963
5.07983904
6.39261317
>62
0.00000000
0.91386980
2.00000000
3.57199327
5.51413693
6.00000000
>63
0.00000000
1.44132541
2.22284260
3.52304674
4.37888813
6.43389713
>64
0.00000000
0.77611947
2.40428679
3.52761206
4.00000000
7.29198167
>65
0.00000000
0.45584445
1.30979540
3.51265797
5.72170218
7.00000000
>66
0.00000000
0.82667890
2.09021125
3.51223474
4.43095414
7.13992097
>67
0.00000000
0.95514231
1.41943565
2.91064529
5.41710232
7.29767443
>68
0.00000000
0.46768835
2.00000000
2.76599253
5.23400747
7.53231165
>69
0.00000000
0.93081314
1.79783694
3.13072743
5.62167007
6.51895242
>70
0.00000000
1.35424869
2.00000000
3.00000000
5.00000000
6.64575131
>71
0.00000000
0.47545477
2.30511551
3.25300512
4.52022151
7.44620309
>72
0.00000000
0.85489731
1.80741760
2.47602360
5.66907909
7.19258240
>73
0.00000000
1.60582983
2.00000000
2.49402882
5.50597118
6.39417017
>74
0.00000000
1.31260044
2.38196601
2.56837289
4.61803399
7.11902668
>75
0.00000000
0.76517363
2.00000000
2.11960154
5.88039846
7.23482637
>76
0.00000000
0.83772234
2.00000000
2.58578644
5.41421356
7.16227766
>77
0.00000000
0.48586307
1.00000000
2.42800673
3.00000000
5.08613020
>78
0.00000000
0.63135063
1.47384240
3.00000000
3.78771060
5.10709638
>79
0.00000000
0.48586307
2.00000000
2.42800673
4.00000000
5.08613020
>80
0.00000000
0.76393202
2.00000000
3.00000000
3.00000000
5.23606798
>81
0.00000000
0.43844719
3.00000000
3.00000000
3.00000000
4.56155281
>82
0.00000000
0.43229362
1.54784149
2.38848363
4.00000000
5.63138126
>83
0.00000000
0.34455762
1.78924412
3.00000000
4.00000000
4.86619826
>84
0.00000000
0.65110578
1.60406814
3.00000000
5.00000000
5.74482608
>85
0.00000000
0.76393202
3.00000000
3.00000000
4.00000000
5.23606798
>86
0.00000000
0.48586307
2.26794919
2.42800673
5.08613020
5.73205081
>87
0.00000000
0.78292712
2.19593552
3.00000000
4.18798272
5.83315464
>88
0.00000000
0.46337038
3.00000000
3.00000000
3.69322513
5.84340449
>89
0.00000000
0.35076380
1.87630647
3.00000000
4.09642005
6.67650968
>90
0.00000000
0.80529286
2.14940656
3.71729223
5.05105770
6.27695065
>91
0.00000000
0.76393202
3.00000000
3.00000000
5.23606798
6.00000000
>92
0.00000000
0.75197324
2.30964028
3.56245885
5.09503874
6.28088889
>93
0.00000000
1.18639350
3.00000000
3.47068342
5.00000000
5.34292308
>94
0.00000000
0.78568026
3.00000000
3.53918887
4.67513087
6.00000000
>95
0.00000000
1.19972762
2.37053651
3.00000000
5.15729318
6.27244270
>96
0.00000000
0.48586307
2.42800673
4.00000000
5.08613020
6.00000000
>97
0.00000000
1.26794919
2.32486913
3.46081113
4.73205081
6.21431974
>98
0.00000000
1.26794919
2.58578644
4.00000000
4.73205081
5.41421356
>99
0.00000000
0.78915122
2.23479931
3.00000000
4.63339713
7.34265234
>100
0.00000000
1.00000000
3.00000000
3.58578644
4.00000000
6.41421356
>101
0.00000000
0.46473803
3.00000000
3.39390155
4.79592386
6.34543656
>102
0.00000000
1.22154288
3.00000000
3.00000000
4.28916855
6.48928857
>103
0.00000000
0.43844719
3.00000000
3.00000000
4.56155281
7.00000000
>104
0.00000000
1.32231853
1.84078293
3.53322500
4.53541500
6.76825856
>105
0.00000000
1.30304154
2.14793873
4.00000000
4.26269632
6.28632341
>106
0.00000000
0.44539687
2.15719389
3.76778241
5.00000000
6.62962682
>107
0.00000000
1.04345986
1.88565478
3.47344293
4.37739151
7.22005092
>108
0.00000000
0.76393202
1.00000000
2.00000000
3.00000000
5.23606798
>109
0.00000000
0.88171613
1.45064188
2.53408997
3.86473732
5.26881469
>110
0.00000000
0.91386980
2.00000000
2.00000000
3.57199327
5.51413693
>111
0.00000000
0.48586307
2.00000000
2.42800673
4.00000000
5.08613020
>112
0.00000000
1.26794919
2.00000000
2.00000000
4.00000000
4.73205081
>113
0.00000000
0.65110578
1.60406814
2.00000000
4.00000000
5.74482608
>114
0.00000000
0.88758929
1.54237467
2.66774808
5.07269693
5.82959104
>115
0.00000000
0.76393202
2.00000000
3.00000000
5.00000000
5.23606798
>116
0.00000000
1.43844719
2.00000000
3.00000000
4.00000000
5.56155281
>117
0.00000000
0.91816898
2.00000000
2.36132192
4.33154981
6.38895929
>118
0.00000000
0.50133143
2.00000000
2.49583851
4.27905620
6.72377386
>119
0.00000000
1.58578644
2.00000000
2.00000000
4.41421356
6.00000000
>120
0.00000000
0.91386980
2.00000000
3.57199327
5.51413693
6.00000000
>121
0.00000000
0.89459572
2.30810863
3.28685568
5.11342614
6.39701383
>122
0.00000000
1.13075866
2.39342108
3.41998375
5.22719323
5.82864328
>123
0.00000000
1.60724375
2.30225345
3.64052976
4.86306705
5.58690598
>124
0.00000000
1.43844719
3.00000000
3.00000000
5.00000000
5.56155281
>125
0.00000000
0.91890960
2.08492662
3.80111409
4.67675095
6.51829873
>126
0.00000000
0.76393202
2.00000000
3.00000000
5.23606798
7.00000000
>127
0.00000000
1.51880570
2.00000000
3.31110782
5.17008649
6.00000000
>128
0.00000000
1.67659572
2.00000000
3.00000000
4.64207363
6.68133064
>129
0.00000000
1.14980058
2.29911450
3.58300964
4.00000000
6.96807528
>130
0.00000000
1.62392102
2.00000000
3.40481206
4.59518794
6.37607898
>131
0.00000000
1.51071143
3.00000000
3.00000000
3.71083145
6.77845712
>132
0.00000000
0.74440249
1.85562150
3.39622852
5.54187988
6.46186761
>133
0.00000000
1.00000000
2.31866936
3.00000000
4.35792637
7.32340428
>134
0.00000000
1.76393202
2.00000000
3.00000000
5.00000000
6.23606798
>135
0.00000000
1.26794919
2.00000000
2.76393202
4.73205081
7.23606798
>136
0.00000000
1.59462160
2.00000000
2.70637379
4.92771912
6.77128548
>137
0.00000000
0.29072464
1.26794919
2.80606343
4.73205081
4.90321193
>138
0.00000000
0.31479344
1.35287694
2.57685679
3.49104735
6.26442548
>139
0.00000000
0.45218774
1.55815094
2.65395747
5.47405982
5.86164404
>140
0.00000000
0.52239349
2.19867518
2.66930516
4.44293760
6.16668857
>141
0.00000000
0.85489731
2.38196601
2.47602360
4.61803399
5.66907909
>142
0.00000000
0.70896930
1.61217673
2.30374270
5.01881050
6.35630077
>143
0.00000000
0.35760516
1.90332517
3.21313642
4.74935646
5.77657679
>144
0.00000000
0.29450480
1.30946316
2.90190193
4.81969653
6.67443359
>145
0.00000000
0.48453424
1.31766730
4.23112714
5.47053389
6.49613744
>146
0.00000000
0.65110578
1.60406814
4.00000000
5.74482608
6.00000000
>147
0.00000000
0.52688882
2.54340101
4.00000000
4.59186673
6.33784343
>148
0.00000000
0.85489731
2.47602360
2.69722436
5.66907909
6.30277564
>149
0.00000000
0.47195016
2.24771369
3.37078612
5.48352339
6.42602664
>150
0.00000000
0.53536546
2.45556343
3.32415774
4.75503608
6.92987729
>151
0.00000000
1.00000000
2.65707692
3.00000000
4.52931658
6.81360650
>152
0.00000000
0.71757700
1.61751340
4.00000000
5.18682503
6.47808458
>153
0.00000000
0.48586307
2.42800673
4.00000000
5.08613020
6.00000000
>154
0.00000000
0.92405927
2.43275385
4.00000000
4.77886434
5.86432254
>155
0.00000000
0.93802950
2.38725640
3.00000000
5.46882423
6.20588987
>156
0.00000000
0.49311051
2.14755849
3.17200080
4.90670746
7.28062273
>157
0.00000000
0.84367483
2.00000000
3.00000000
5.63089761
6.52542756
>158
0.00000000
0.35826626
1.92227888
4.51236795
4.89093341
6.31615350
>159
0.00000000
1.03681707
2.00000000
3.41187401
5.24285187
6.30845705
>160
0.00000000
0.94325072
1.84913085
4.00000000
4.93836287
6.26925556
>161
0.00000000
1.40240919
1.84519070
3.82182060
5.08884399
5.84173552
>162
0.00000000
0.34455762
1.78924412
4.00000000
4.86619826
7.00000000
>163
0.00000000
1.25088245
1.72866963
3.33490399
5.68554393
6.00000000
>164
0.00000000
1.07457708
1.69722436
3.44807057
5.30277564
6.47735235
>165
0.00000000
1.11129670
1.31653843
3.21067747
5.10368495
7.25780244
>166
0.00000000
1.26794919
1.46592980
3.48269595
4.73205081
7.05137424
>167
0.00000000
1.26794919
2.00000000
4.00000000
4.73205081
6.00000000
>168
0.00000000
1.58578644
2.43844719
3.00000000
4.41421356
6.56155281
>169
0.00000000
0.45216826
1.17957529
2.43593070
3.71220110
6.22012464
>170
0.00000000
0.49209723
3.00000000
3.24435992
5.00000000
6.26354285
>171
0.00000000
0.36449043
2.00000000
3.22689100
5.72087690
6.68774167
>172
0.00000000
0.84380024
2.21612340
4.13913669
5.59043357
7.21050610
>173
0.00000000
1.04651947
3.24156593
3.74767929
5.35742416
6.60681115
>174
0.00000000
0.86217245
3.00000000
3.82874124
5.19522145
7.11386486
>175
0.00000000
0.49370848
3.10031707
4.32139894
5.56725376
6.51732175
>176
0.00000000
1.00000000
3.00000000
4.00000000
5.00000000
7.00000000
>177
0.00000000
1.27829782
3.00000000
3.48734203
5.69020460
6.54415555
>178
0.00000000
0.78241929
3.34976473
3.38196601
5.61803399
6.86781598
>179
0.00000000
1.44238759
3.32278605
4.00000000
4.67721395
6.55761241
>180
0.00000000
0.46337038
3.00000000
3.69322513
5.84340449
7.00000000
>181
0.00000000
1.39031855
1.91525095
4.14950686
5.77604144
6.76888220
>182
0.00000000
1.35424869
2.26794919
4.00000000
5.73205081
6.64575131
>183
0.00000000
1.08043905
2.00000000
3.93952848
5.75784638
7.22218609
>184
0.00000000
1.61504125
2.15092343
4.11180902
5.62292855
6.49929776
>185
0.00000000
1.04693784
2.06473806
3.49369829
6.09446558
7.30016024
>186
0.00000000
0.78981587
1.00000000
2.73928861
3.00000000
6.47089552
>187
0.00000000
0.85866388
2.00000000
3.00000000
3.51513805
6.62619807
>188
0.00000000
1.35424869
2.00000000
3.00000000
5.00000000
6.64575131
>189
0.00000000
0.54099771
2.22137641
2.69503362
5.61888072
6.92371154
>190
0.00000000
1.35774687
2.29925898
3.79337445
5.34374471
7.20587499
>191
0.00000000
1.90349279
2.00000000
3.88311611
5.50892329
6.70446781
>192
0.00000000
1.62771868
3.00000000
3.00000000
5.00000000
7.37228132
>193
0.00000000
0.79274415
2.03643534
4.32486324
6.34970980
6.49624747
>194
0.00000000
1.14506267
2.33295506
3.41045962
5.64501871
7.46650394
>195
0.00000000
1.60379430
3.00000000
3.37279627
4.83465289
7.18875654
>196
0.00000000
2.00000000
2.00000000
3.58578644
6.00000000
6.41421356
>197
0.00000000
1.90213321
3.00000000
3.54733868
4.75278478
6.79774333
>198
0.00000000
0.85866388
3.00000000
3.51513805
6.00000000
6.62619807
>199
0.00000000
1.29694698
2.22810264
3.17699048
6.00000000
7.29795989
>200
0.00000000
1.00000000
2.67659572
3.00000000
5.64207363
7.68133064
>201
0.00000000
1.60861762
2.20871215
3.22713444
6.16424794
6.79128785
>202
0.00000000
1.64614421
3.00000000
3.00000000
5.47645204
6.87740375
>203
0.00000000
1.76393202
2.43844719
3.00000000
6.23606798
6.56155281
>204
0.00000000
1.26794919
2.00000000
2.58578644
4.73205081
5.41421356
>205
0.00000000
1.84361179
2.41676299
4.20609013
5.23859036
6.29494472
>206
0.00000000
1.43844719
3.00000000
4.00000000
5.56155281
6.00000000
>207
0.00000000
1.65148596
2.34428823
4.36528560
5.11636136
6.52257886
>208
0.00000000
1.69722436
2.69722436
4.00000000
5.30277564
6.30277564
>209
0.00000000
1.78568026
3.00000000
4.53918887
5.00000000
5.67513087
>210
0.00000000
1.69722436
3.38196601
4.00000000
5.30277564
5.61803399
>211
0.00000000
1.80883142
3.00000000
3.42328748
5.26437659
6.50350450
>212
0.00000000
1.26794919
2.58578644
4.73205081
5.41421356
6.00000000
>213
0.00000000
1.82659918
2.47410549
3.59940034
4.95840606
7.14148891
>214
0.00000000
1.07457708
3.38196601
3.44807057
5.61803399
6.47735235
>215
0.00000000
0.31520696
1.20562043
2.00000000
3.29786096
7.18131165
>216
0.00000000
0.69722436
1.80741760
2.00000000
4.30277564
7.19258240
>217
0.00000000
0.29843788
1.35424869
3.00000000
6.64575131
6.70156212
>218
0.00000000
0.49887457
1.33824898
4.97488961
6.24101415
6.94697269
>219
0.00000000
0.54598869
2.59375410
4.07625017
5.82494861
6.95905843
>220
0.00000000
0.69722436
2.00000000
4.30277564
5.38196601
7.61803399
>221
0.00000000
0.55539006
2.45726110
3.48920097
6.31382203
7.18432583
>222
0.00000000
0.50133143
2.49583851
4.27905620
6.00000000
6.72377386
>223
0.00000000
0.77832258
2.00000000
3.81763042
6.00000000
7.40404700
>224
0.00000000
1.11373150
2.64082594
4.23705759
4.63811622
7.37026875
>225
0.00000000
0.50925405
2.15912558
3.36336580
6.65967419
7.30858038
>226
0.00000000
0.36518959
2.02310244
4.63332725
6.28087732
6.69750339
>227
0.00000000
0.35076380
1.87630647
4.09642005
6.67650968
7.00000000
>228
0.00000000
1.11160831
1.88954911
4.19943044
5.49244660
7.30696554
>229
0.00000000
1.13511485
1.35424869
3.23145989
6.64575131
7.63342526
>230
0.00000000
1.11934573
1.95053568
4.88980695
5.49684353
6.54346811
>231
0.00000000
1.58578644
2.00000000
4.41421356
6.00000000
6.00000000
>232
0.00000000
1.82259032
2.00000000
4.32163717
5.00000000
6.85577251
>233
0.00000000
1.66848488
2.47922657
3.42018958
6.00000000
6.43209896
>234
0.00000000
1.31260044
2.56837289
3.38196601
5.61803399
7.11902668
>235
0.00000000
1.13061186
2.03133057
5.20142228
6.28836097
7.34827432
>236
0.00000000
1.17157288
2.58578644
5.41421356
6.00000000
6.82842712
>237
0.00000000
0.76393202
1.00000000
3.00000000
5.23606798
6.00000000
>238
0.00000000
0.91816898
2.36132192
4.33154981
6.00000000
6.38895929
>239
0.00000000
0.76393202
3.00000000
5.00000000
5.23606798
6.00000000
>240
0.00000000
1.67659572
3.00000000
4.64207363
6.00000000
6.68133064
>241
0.00000000
1.51880570
3.31110782
5.17008649
6.00000000
6.00000000
>242
0.00000000
0.76393202
3.00000000
5.23606798
6.00000000
7.00000000
>243
0.00000000
1.59462160
2.70637379
4.92771912
6.00000000
6.77128548
>244
0.00000000
1.26794919
2.76393202
4.73205081
6.00000000
7.23606798
>245
0.00000000
0.74123879
1.20562707
2.77603671
5.04517474
6.23192270
>246
0.00000000
1.20056604
2.66701651
4.14181348
5.54599505
6.44460892
>247
0.00000000
0.81228928
2.33462268
5.00000000
5.36003054
6.49305749
>248
0.00000000
1.20079554
2.69521569
4.63061646
6.00000000
7.47337231
>249
0.00000000
2.00000000
2.82991351
4.68889218
6.00000000
6.48119430
>250
0.00000000
2.00000000
2.43844719
5.00000000
6.00000000
6.56155281
>251
0.00000000
1.30543477
3.00000000
4.20574547
6.18164182
7.30717794
>252
0.00000000
1.61606929
3.00000000
4.25756162
6.32791199
6.79845710
>253
0.00000000
1.07457708
3.44807057
4.38196601
6.47735235
6.61803399
>254
0.00000000
0.49533565
4.00000000
4.86464089
6.00000000
6.64002347
>255
0.00000000
1.13454930
3.39539156
4.89747785
6.00000000
6.57258128
>256
0.00000000
0.46473803
3.39390155
4.79592386
6.34543656
7.00000000
>257
0.00000000
1.91283104
2.48004086
4.17790478
6.18377888
7.24544444
>258
0.00000000
2.00000000
3.26794919
4.00000000
6.00000000
6.73205081
>259
0.00000000
2.43844719
3.00000000
3.58578644
6.41421356
6.56155281
>260
0.00000000
1.35997653
3.13535911
4.00000000
6.00000000
7.50466435
>261
0.00000000
1.15160852
3.16419400
3.62075152
6.45658104
7.60686491
>262
0.00000000
1.94599060
3.00000000
3.71733528
6.18818046
7.14849366
>263
0.00000000
1.31260044
2.56837289
3.69722436
7.11902668
7.30277564
>264
0.00000000
0.88509246
1.69722436
3.25410169
4.86080585
5.30277564
>265
0.00000000
1.69722436
1.69722436
4.00000000
5.30277564
5.30277564
>266
0.00000000
1.22537710
3.18588535
4.36040934
5.22832822
6.00000000
>267
0.00000000
1.63383222
2.74049767
4.31715873
4.86647700
6.44203437
>268
0.00000000
1.69722436
4.00000000
4.38196601
5.30277564
6.61803399
>269
0.00000000
2.58578644
4.00000000
4.00000000
5.41421356
6.00000000
>270
0.00000000
2.27651995
3.33230210
4.52194807
5.29200453
6.57722536
>271
0.00000000
2.65707692
3.00000000
4.52931658
5.00000000
6.81360650
>272
0.00000000
2.14422749
3.00000000
4.67836283
5.00000000
7.17740968
>273
0.00000000
0.48586307
1.00000000
2.42800673
5.08613020
7.00000000
>274
0.00000000
0.63135063
1.47384240
3.78771060
5.10709638
7.00000000
>275
0.00000000
0.65110578
1.60406814
5.00000000
5.74482608
7.00000000
>276
0.00000000
0.76393202
3.00000000
4.00000000
5.23606798
7.00000000
>277
0.00000000
0.78292712
2.19593552
4.18798272
5.83315464
7.00000000
>278
0.00000000
0.78568026
3.53918887
4.67513087
6.00000000
7.00000000
>279
0.00000000
0.78915122
2.23479931
4.63339713
7.00000000
7.34265234
>280
0.00000000
0.43844719
3.00000000
4.56155281
7.00000000
7.00000000
>281
0.00000000
1.43844719
2.00000000
5.00000000
5.56155281
6.00000000
>282
0.00000000
1.52557170
2.24094389
4.25978843
5.34641601
6.62727998
>283
0.00000000
1.52861295
3.68368474
4.67562156
5.39229260
6.71978815
>284
0.00000000
1.90821727
3.00000000
4.40084095
5.49068901
7.20025277
>285
0.00000000
2.00000000
3.00000000
5.00000000
5.00000000
7.00000000
>286
0.00000000
0.90487000
1.71030486
2.57266530
4.63599533
6.17616451
>287
0.00000000
1.42588894
2.00000000
3.72462269
4.63787455
6.21161382
>288
0.00000000
1.48687359
2.09954389
4.63164409
5.38010775
6.40183067
>289
0.00000000
1.67659572
3.00000000
4.00000000
4.64207363
6.68133064
>290
0.00000000
1.31327298
2.39619843
4.38857503
5.47890311
6.42305044
>291
0.00000000
1.91386980
3.00000000
4.57199327
6.00000000
6.51413693
>292
0.00000000
3.00000000
3.00000000
3.00000000
6.00000000
7.00000000
>293
0.00000000
0.78915122
1.00000000
2.23479931
4.63339713
7.34265234
>294
0.00000000
0.89283768
1.45698510
3.64552239
4.63588441
7.36877042
>295
0.00000000
0.89764548
1.56117916
4.62746085
5.46651712
7.44719738
>296
0.00000000
0.78915122
2.23479931
4.63339713
5.00000000
7.34265234
>297
0.00000000
1.13465471
3.08106914
4.63387104
5.77512957
7.37527554
>298
0.00000000
1.00000000
3.00000000
3.43844719
7.00000000
7.56155281
>299
0.00000000
0.89722495
1.26794919
2.85363451
4.73205081
6.24914054
>300
0.00000000
0.43844719
1.00000000
4.00000000
4.56155281
6.00000000
>301
0.00000000
0.52977402
0.90721776
3.18690853
4.68005992
6.69603977
>302
0.00000000
0.43105455
1.29945718
2.48990571
5.36696727
6.41261529
>303
0.00000000
0.94862576
1.26794919
4.51730405
4.73205081
6.53407020
>304
0.00000000
1.01630807
2.23936348
3.30031468
4.83387215
6.61014161
>305
0.00000000
0.44813107
1.02169030
4.17896861
5.46309036
6.88811967
>306
0.00000000
0.96595816
1.26794919
4.73205081
5.48653522
7.54750661
>307
0.00000000
1.04241301
2.38196601
4.61803399
4.87846812
7.07911886
>308
0.00000000
1.00930642
2.13682819
4.70936041
5.57592102
6.56858395
>309
0.00000000
1.02568778
2.49662068
4.00000000
5.04125303
7.43643850
>310
0.00000000
0.94862576
2.00000000
4.51730405
6.00000000
6.53407020
>311
0.00000000
0.52481735
2.21978598
4.24945052
5.46326887
7.54267727
>312
0.00000000
1.02168860
1.44845066
4.33829157
5.87863022
7.31293895
>313
0.00000000
0.53589838
3.00000000
4.00000000
5.00000000
7.46410162
>314
0.00000000
1.00000000
2.00000000
4.00000000
6.00000000
7.00000000
>315
0.00000000
0.85158644
2.24064177
3.25523567
6.34569841
7.30683772
>316
0.00000000
0.58578644
2.00000000
2.00000000
3.41421356
6.00000000
>317
0.00000000
1.00000000
2.00000000
3.00000000
4.00000000
6.00000000
>318
0.00000000
0.67911550
2.00000000
2.64806080
4.00000000
6.67282370
>319
0.00000000
0.76393202
2.00000000
2.00000000
5.23606798
6.00000000
>320
0.00000000
1.26794919
2.00000000
3.26794919
4.73205081
6.73205081
>321
0.00000000
2.00000000
2.00000000
2.00000000
6.00000000
6.00000000
>322
0.00000000
1.01956014
3.19654831
4.00000000
5.08184517
6.70204638
>323
0.00000000
1.26794919
2.35424869
4.00000000
4.73205081
7.64575131
>324
0.00000000
1.62771868
3.00000000
4.00000000
4.00000000
7.37228132
>325
0.00000000
1.00000000
3.00000000
4.00000000
6.00000000
6.00000000
>326
0.00000000
2.00000000
2.00000000
2.76393202
6.00000000
7.23606798
>327
0.00000000
0.57622266
1.00000000
2.37525808
4.91911069
7.12940857
>328
0.00000000
0.54897330
0.90830879
3.31921755
6.15027566
7.07322470
>329
0.00000000
0.69235772
2.16947492
3.19060261
5.17945163
6.76811312
>330
0.00000000
0.69679788
2.19608778
3.32886944
6.30163496
7.47660995
>331
0.00000000
0.84785242
1.66715897
3.45652071
6.73563391
7.29283399
>332
0.00000000
0.70292946
3.00000000
3.21319818
6.00000000
7.08387236
>333
0.00000000
0.42907126
1.27834880
1.69722436
5.30277564
7.29257994
>334
0.00000000
0.79565500
1.65818093
2.48747672
5.76607076
7.29261658
>335
0.00000000
0.45861873
1.04241301
4.87846812
6.54138127
7.07911886
>336
0.00000000
0.54365969
2.25073097
4.92532244
6.68377398
7.59651292
>337
0.00000000
1.04241301
1.45861873
4.87846812
7.07911886
7.54138127
>338
0.00000000
0.55597381
3.05956342
4.27163247
6.55785158
7.55497872
>339
0.00000000
1.35424869
2.31866936
4.35792637
6.64575131
7.32340428
>340
0.00000000
1.73645715
3.00000000
4.75564008
5.00000000
7.50790277
>341
0.00000000
1.04241301
3.38196601
4.87846812
5.61803399
7.07911886
>342
0.00000000
1.82716380
3.23762152
4.00000000
5.34524600
7.58996868
>343
0.00000000
1.95957795
3.22046636
4.26142791
5.65854944
6.89997834
>344
0.00000000
1.26794919
3.09678807
4.73205081
5.19393657
7.70927536
>345
0.00000000
1.84866802
2.49030423
4.73711842
6.00000000
6.92390933
>346
0.00000000
3.00000000
3.00000000
3.43844719
5.00000000
7.56155281
>347
0.00000000
3.00000000
3.00000000
4.00000000
5.00000000
7.00000000
>348
0.00000000
0.59668166
2.00000000
2.44519316
5.55480684
7.40331834
>349
0.00000000
1.26794919
2.35424869
4.73205081
6.00000000
7.64575131
>350
0.00000000
0.80147679
1.00000000
3.00000000
5.53692279
7.66160042
>351
0.00000000
1.00000000
3.00000000
4.26794919
6.00000000
7.73205081
>352
0.00000000
0.72755730
1.00000000
1.84270682
4.62946349
5.80027238
>353
0.00000000
0.55051026
1.00000000
3.00000000
4.00000000
5.44948974
>354
0.00000000
0.57212113
1.00000000
3.00000000
4.62433638
6.80354250
>355
0.00000000
0.91019939
1.75498624
3.70214291
4.64882222
6.98384924
>356
0.00000000
0.79852766
1.00000000
4.45490409
5.00000000
6.74656825
>357
0.00000000
2.00000000
2.00000000
4.00000000
4.00000000
6.00000000
>358
0.00000000
0.79852766
3.00000000
3.00000000
4.45490409
6.74656825
>359
0.00000000
0.76393202
1.26794919
2.00000000
4.73205081
5.23606798
>360
0.00000000
0.55051026
2.00000000
4.00000000
4.00000000
5.44948974
>361
0.00000000
0.82259032
1.26794919
3.32163717
4.73205081
5.85577251
>362
0.00000000
1.26794919
2.00000000
4.00000000
4.73205081
6.00000000
>363
0.00000000
0.89899701
1.74071987
4.25928013
5.10100299
6.00000000
>364
0.00000000
0.57212113
2.00000000
4.00000000
4.62433638
6.80354250
>365
0.00000000
1.26794919
2.00000000
4.58578644
4.73205081
7.41421356
>366
0.00000000
2.00000000
3.00000000
4.00000000
5.00000000
6.00000000
>367
0.00000000
0.91901405
3.15140505
4.26918459
5.11756176
6.54283455
>368
0.00000000
1.26794919
3.00000000
4.00000000
4.73205081
7.00000000
>369
0.00000000
0.91612764
3.00000000
4.00000000
4.78680182
7.29707054
>370
0.00000000
0.72755730
1.84270682
3.00000000
4.62946349
5.80027238
>371
0.00000000
1.58578644
2.14422749
4.41421356
4.67836283
7.17740968
>372
0.00000000
0.79852766
3.00000000
4.45490409
5.00000000
6.74656825
>373
0.00000000
0.47725189
1.63044505
3.34646566
4.88067903
5.66515837
>374
0.00000000
0.76393202
1.00000000
3.00000000
5.23606798
6.00000000
>375
0.00000000
0.58578644
1.35424869
3.41421356
4.00000000
6.64575131
>376
0.00000000
0.72755730
1.84270682
4.62946349
5.00000000
5.80027238
>377
0.00000000
0.83038895
1.31531449
4.32239164
5.31599859
6.21590632
>378
0.00000000
0.49181522
1.64659231
3.55087636
5.58035239
6.73036373
>379
0.00000000
0.72755730
1.84270682
4.62946349
5.80027238
7.00000000
>380
0.00000000
0.93356356
2.77780863
4.65222288
5.63640494
6.00000000
>381
0.00000000
0.97000412
2.54541422
4.47991825
5.52571907
6.47894433
>382
0.00000000
0.90787099
2.52831087
4.34492027
5.31750521
6.90139266
>383
0.00000000
0.85489731
2.47602360
3.69722436
5.66907909
7.30277564
>384
0.00000000
1.18799788
2.07603270
3.58115908
5.89566791
7.25914243
>385
0.00000000
0.94131069
3.00000000
3.46381450
5.66478918
6.93008563
>386
0.00000000
1.33388713
2.41759442
3.59701704
5.48693999
7.16456141
>387
0.00000000
0.76393202
3.00000000
3.43844719
5.23606798
7.56155281
>388
0.00000000
0.41577456
2.29428036
3.00000000
4.00000000
6.28994508
>389
0.00000000
0.55051026
2.26794919
4.00000000
5.44948974
5.73205081
>390
0.00000000
0.55051026
4.00000000
4.00000000
5.44948974
6.00000000
>391
0.00000000
1.00000000
4.00000000
4.00000000
5.00000000
6.00000000
>392
0.00000000
0.49533565
3.00000000
4.86464089
5.00000000
6.64002347
>393
0.00000000
0.57212113
2.26794919
4.62433638
5.73205081
6.80354250
>394
0.00000000
1.31361512
3.43261382
4.50908960
5.68450505
7.06017642
>395
0.00000000
0.79852766
4.45490409
5.00000000
5.00000000
6.74656825
>396
0.00000000
2.00000000
4.00000000
4.00000000
6.00000000
6.00000000
>397
0.00000000
0.41432321
1.59272834
3.00000000
3.78342214
7.20952631
>398
0.00000000
0.57212113
4.00000000
4.62433638
6.00000000
6.80354250
>399
0.00000000
1.26794919
4.00000000
4.58578644
4.73205081
7.41421356
>400
0.00000000
0.51170865
3.18117515
5.00000000
6.45530553
6.85181067
>401
0.00000000
0.76393202
1.26794919
4.73205081
5.23606798
6.00000000
>402
0.00000000
1.26794919
4.00000000
4.73205081
6.00000000
6.00000000
>403
0.00000000
1.26794919
4.00000000
4.73205081
6.00000000
6.00000000
>404
0.00000000
0.89290362
2.21228940
4.52615760
5.00000000
5.36864937
>405
0.00000000
1.43844719
3.00000000
5.00000000
5.00000000
5.56155281
>406
0.00000000
1.91386980
4.00000000
4.57199327
5.00000000
6.51413693
>407
0.00000000
3.00000000
3.00000000
5.00000000
5.00000000
6.00000000
>408
0.00000000
0.33259733
1.59864817
3.00000000
4.80121973
6.26753478
>409
0.00000000
0.50278796
1.67186897
4.32813103
5.49721204
6.00000000
>410
0.00000000
0.76393202
2.00000000
4.00000000
5.23606798
6.00000000
>411
0.00000000
0.76393202
2.00000000
5.23606798
6.00000000
6.00000000
>412
0.00000000
0.53096081
2.91113517
4.56730162
5.49737772
6.49322468
>413
0.00000000
0.85489731
2.47602360
4.38196601
5.66907909
6.61803399
>414
0.00000000
1.43844719
1.62771868
4.00000000
5.56155281
7.37228132
>415
0.00000000
0.38758919
1.45391295
2.74385604
4.47036055
6.94428127
>416
0.00000000
0.59998806
1.47452625
3.58403843
5.68864745
6.65279982
>417
0.00000000
0.43729095
2.40302331
3.22863452
5.49905848
6.43199274
>418
0.00000000
0.67911550
2.64806080
4.00000000
4.00000000
6.67282370
>419
0.00000000
0.33818941
1.66080805
3.07037536
6.24217671
6.68845046
>420
0.00000000
0.67911550
2.64806080
4.00000000
6.00000000
6.67282370
>421
0.00000000
0.82054869
2.45992741
3.61395997
6.14238746
6.96317648
>422
0.00000000
0.43844719
2.43844719
4.56155281
6.00000000
6.56155281
>423
0.00000000
1.07457708
2.69722436
3.44807057
6.30277564
6.47735235
>424
0.00000000
0.69410247
3.00000000
4.00000000
5.52023052
6.78566701
>425
0.00000000
0.41577456
2.29428036
4.00000000
6.28994508
7.00000000
>426
0.00000000
1.11722977
1.68881793
3.60191375
6.26963873
7.32239983
>427
0.00000000
0.80741760
0.85489731
2.47602360
5.66907909
6.19258240
>428
0.00000000
0.82041957
2.35115330
2.56645450
6.00000000
6.26197263
>429
0.00000000
0.51921338
1.69722436
5.30277564
5.59023943
6.89054719
>430
0.00000000
1.27156038
2.07761756
5.31422606
6.00000000
7.33659600
>431
0.00000000
0.85489731
2.47602360
5.38196601
5.66907909
7.61803399
>432
0.00000000
1.42303098
2.45437109
4.94946373
6.00000000
7.17313419
>433
0.00000000
0.50189928
1.22118427
3.38706749
4.58174006
6.30810890
>434
0.00000000
1.35424869
3.00000000
5.00000000
6.00000000
6.64575131
>435
0.00000000
1.35424869
3.00000000
5.00000000
6.00000000
6.64575131
>436
0.00000000
1.00000000
2.00000000
4.00000000
5.00000000
6.00000000
>437
0.00000000
1.55051026
3.00000000
4.00000000
5.00000000
6.44948974
>438
0.00000000
1.00000000
4.00000000
5.00000000
6.00000000
6.00000000
>439
0.00000000
1.62771868
4.00000000
4.00000000
5.00000000
7.37228132
>440
0.00000000
2.00000000
2.76393202
4.00000000
6.00000000
7.23606798
>441
0.00000000
0.33286679
1.32704972
2.37027388
4.78662073
7.18318888
>442
0.00000000
1.00000000
1.52910448
3.00000000
5.26071139
7.21018413
>443
0.00000000
0.55051026
3.00000000
5.44948974
6.00000000
7.00000000
>444
0.00000000
0.58578644
2.00000000
3.41421356
6.00000000
6.00000000
>445
0.00000000
2.00000000
2.00000000
6.00000000
6.00000000
6.00000000
>446
0.00000000
0.67659572
1.35424869
3.64207363
5.68133064
6.64575131
>447
0.00000000
0.55051026
1.00000000
4.00000000
5.44948974
7.00000000
>448
0.00000000
0.79852766
3.00000000
4.45490409
6.74656825
7.00000000
>449
0.00000000
2.00000000
2.00000000
2.00000000
4.00000000
6.00000000
>450
0.00000000
2.00000000
2.00000000
4.00000000
6.00000000
6.00000000
>451
0.00000000
0.51790041
1.23271496
3.49360992
5.80692830
6.94884641
>452
0.00000000
0.43504112
1.64054987
3.16250875
5.46311988
7.29878037
>453
0.00000000
0.76393202
2.00000000
3.00000000
5.00000000
5.23606798
>454
0.00000000
0.76393202
3.00000000
5.00000000
5.23606798
6.00000000
>455
0.00000000
0.91386980
3.57199327
5.00000000
5.00000000
5.51413693
>456
0.00000000
2.00000000
4.00000000
5.00000000
5.00000000
6.00000000
>457
0.00000000
0.33839958
1.00000000
2.46307721
3.00000000
7.19852321
>458
0.00000000
0.35705469
1.12194118
2.72491115
4.55366664
7.24242634
>459
0.00000000
0.33839958
1.35424869
2.46307721
6.64575131
7.19852321
>460
0.00000000
0.36273225
1.15825725
2.74623781
6.27879786
7.45397483
>461
0.00000000
0.43614810
1.64647512
4.47351130
6.12283690
7.32102858
>462
0.00000000
0.41432321
1.59272834
3.78342214
7.00000000
7.20952631
>463
0.00000000
0.78241929
1.45861873
3.34976473
6.86781598
7.54138127
>464
0.00000000
1.00000000
1.62771868
3.00000000
7.00000000
7.37228132
>465
0.00000000
0.57212113
1.00000000
4.62433638
6.80354250
7.00000000
>466
0.00000000
0.62771868
1.00000000
3.00000000
3.00000000
6.37228132
>467
0.00000000
0.40226481
1.68044920
3.00000000
3.00000000
5.91728599
>468
0.00000000
0.57167611
1.57647078
2.49821761
5.17966811
6.17396739
>469
0.00000000
0.62771868
3.00000000
3.00000000
3.00000000
6.37228132
>470
0.00000000
0.43844719
2.00000000
3.00000000
4.56155281
6.00000000
>471
0.00000000
0.85312577
2.11297567
3.00000000
5.18024357
6.85365500
>472
0.00000000
1.43844719
1.76393202
3.00000000
5.56155281
6.23606798
>473
0.00000000
0.62771868
3.00000000
3.00000000
5.00000000
6.37228132
>474
0.00000000
0.45003029
2.07318283
3.00000000
5.66207743
6.81470945
>475
0.00000000
1.43844719
3.00000000
3.00000000
5.56155281
7.00000000
>476
0.00000000
0.60020458
2.17512044
5.00000000
5.34186157
6.88281342
>477
0.00000000
1.51071143
2.00000000
3.71083145
6.00000000
6.77845712
>478
0.00000000
0.62771868
3.00000000
3.00000000
6.37228132
7.00000000
>479
0.00000000
0.65489286
1.74676001
3.45250992
5.42506083
6.72077637
>480
0.00000000
1.00000000
1.00000000
4.00000000
6.00000000
6.00000000
>481
0.00000000
1.00000000
2.43844719
4.00000000
6.00000000
6.56155281
>482
0.00000000
1.00000000
3.43844719
4.00000000
6.00000000
7.56155281
>483
0.00000000
1.62771868
2.43844719
4.00000000
6.56155281
7.37228132
>484
0.00000000
1.76393202
3.00000000
4.00000000
6.23606798
7.00000000
>485
0.00000000
0.51638838
1.71717614
3.00000000
4.00000000
6.76643548
>486
0.00000000
0.57622266
2.37525808
3.00000000
4.91911069
7.12940857
>487
0.00000000
0.70292946
3.21319818
5.00000000
6.00000000
7.08387236
>488
0.00000000
0.39612453
2.00000000
3.10991626
6.00000000
6.49395921
>489
0.00000000
0.41939804
1.65589639
4.00000000
4.96665930
6.95804627
>490
0.00000000
1.50604079
2.00000000
4.89008374
6.00000000
7.60387547
>491
0.00000000
0.48779832
1.53034045
3.23108489
5.45640702
7.29436932
>492
0.00000000
0.57622266
2.37525808
4.91911069
5.00000000
7.12940857
>493
0.00000000
0.42947590
1.70516872
4.25023314
6.52676620
7.08835604
>494
0.00000000
0.57622266
2.37525808
4.91911069
7.00000000
7.12940857
>495
0.00000000
1.26794919
1.84367483
4.73205081
6.63089761
7.52542756
>496
0.00000000
0.39526672
1.51318894
2.70864215
6.11428315
7.26861904
>497
0.00000000
0.51638838
1.71717614
4.00000000
6.76643548
7.00000000
>498
0.00000000
0.37992414
1.26794919
4.33650880
4.73205081
7.28356705
>499
0.00000000
0.38696402
1.31043861
4.51192023
6.31044657
7.48023057
>500
0.00000000
1.29843788
1.35424869
5.00000000
6.64575131
7.70156212
>501
0.00000000
0.62771868
1.00000000
3.00000000
6.37228132
7.00000000
>502
0.00000000
0.40226481
1.68044920
3.00000000
5.91728599
7.00000000
>503
0.00000000
0.43844719
2.00000000
4.56155281
6.00000000
7.00000000
>504
0.00000000
0.62771868
3.00000000
5.00000000
6.37228132
7.00000000
>505
0.00000000
0.45003029
2.07318283
5.66207743
6.81470945
7.00000000
>506
0.00000000
0.39444872
1.35424869
2.00000000
6.64575131
7.60555128
>507
0.00000000
0.39444872
1.35424869
6.00000000
6.64575131
7.60555128
>508
0.00000000
0.53589838
2.00000000
4.00000000
6.00000000
7.46410162
